Time,Dun Laoghaire @ Peoples Park Pedestrian,Dun Laoghaire @ Peoples Park Peds IN,Dun Laoghaire @ Peoples Park Peds OUT,Dun Laoghaire @ Seapoint Beach Pedestrian,Dun Laoghaire @ Seapoint Beach Peds IN,Dun Laoghaire @ Seapoint Beach Peds OUT,Dun Laoghaire @ York Road Pedestrian,Dun Laoghaire @ York Road Peds IN,Dun Laoghaire @ York Road Peds OUT,Glenageary Pedestrian,Glenageary Peds IN,Glenageary Peds OUT,Rock Road Park - New Counter Pedestrian,Rock Road Park - New Counter Peds IN,Rock Road Park - New Counter Peds OUT,Wyattville Rd - Bicycles Towards N11 Pedestrian,Wyattville Rd - Bicycles Towards N11 Pedestrian IN,Wyattville Rd - Bicycles Towards N11 Pedestrian OUT,Wyattville Rd At Park Gates Pedestrian,Wyattville Rd At Park Gates Peds IN,Wyattville Rd At Park Gates Peds OUT,Wyattville Road At Steps Pedestrian,Wyattville Road At Steps Peds IN,Wyattville Road At Steps Peds OUT
"Jan 1, 2023 12:00 AM",2,2,0,1,0,1,12,4,8,,,,240,118,122,,,,14,6,8,,,
"Jan 1, 2023 1:00 AM",11,7,4,6,3,3,11,3,8,,,,745,271,474,,,,22,19,3,,,
"Jan 1, 2023 2:00 AM",2,2,0,8,4,4,10,2,8,,,,352,122,230,,,,12,5,7,,,
"Jan 1, 2023 3:00 AM",0,0,0,0,0,0,1,0,1,,,,59,25,34,,,,11,4,7,,,
"Jan 1, 2023 4:00 AM",2,2,0,3,3,0,3,2,1,,,,98,48,50,,,,5,4,1,,,
"Jan 1, 2023 5:00 AM",0,0,0,1,0,1,2,1,1,,,,14,7,7,,,,5,5,0,,,
"Jan 1, 2023 6:00 AM",3,0,3,3,2,1,0,0,0,,,,31,20,11,,,,2,1,1,,,
"Jan 1, 2023 7:00 AM",19,8,11,3,1,2,3,2,1,,,,91,43,48,,,,2,0,2,,,
"Jan 1, 2023 8:00 AM",31,14,17,16,10,6,6,5,1,,,,72,41,31,,,,9,1,8,,,
"Jan 1, 2023 9:00 AM",80,45,35,17,12,5,14,7,7,,,,265,94,171,,,,12,6,6,,,
"Jan 1, 2023 10:00 AM",192,100,92,51,31,20,35,20,15,,,,304,122,182,,,,40,19,21,,,
"Jan 1, 2023 11:00 AM",329,180,149,59,37,22,58,28,30,,,,432,191,241,,,,33,19,14,,,
"Jan 1, 2023 12:00 PM",441,251,190,86,53,33,69,28,41,,,,414,204,210,,,,46,23,23,,,
"Jan 1, 2023 1:00 PM",536,317,219,89,47,42,74,38,36,,,,940,421,519,,,,51,26,25,,,
"Jan 1, 2023 2:00 PM",527,282,245,95,46,49,79,35,44,,,,694,292,402,,,,45,12,33,,,
"Jan 1, 2023 3:00 PM",464,253,211,73,42,31,87,51,36,,,,760,339,421,,,,30,19,11,,,
"Jan 1, 2023 4:00 PM",454,230,224,87,45,42,73,34,39,,,,494,214,280,,,,49,30,19,,,
"Jan 1, 2023 5:00 PM",259,147,112,51,21,30,42,16,26,,,,530,228,302,,,,24,8,16,,,
"Jan 1, 2023 6:00 PM",128,84,44,23,13,10,28,8,20,,,,881,343,538,,,,31,17,14,,,
"Jan 1, 2023 7:00 PM",98,59,39,8,2,6,21,9,12,,,,759,309,450,,,,17,7,10,,,
"Jan 1, 2023 8:00 PM",62,24,38,9,5,4,11,6,5,,,,618,275,343,,,,20,14,6,,,
"Jan 1, 2023 9:00 PM",39,18,21,10,3,7,7,1,6,,,,1078,551,527,,,,26,14,12,,,
"Jan 1, 2023 10:00 PM",5,3,2,3,2,1,8,2,6,,,,674,226,448,,,,7,5,2,,,
"Jan 1, 2023 11:00 PM",7,5,2,2,2,0,2,1,1,,,,759,265,494,,,,8,5,3,,,
"Jan 2, 2023 12:00 AM",0,0,0,0,0,0,1,0,1,,,,555,242,313,,,,7,6,1,,,
"Jan 2, 2023 1:00 AM",1,0,1,1,0,1,0,0,0,,,,118,47,71,,,,3,1,2,,,
"Jan 2, 2023 2:00 AM",0,0,0,1,0,1,2,0,2,,,,67,21,46,,,,1,0,1,,,
"Jan 2, 2023 3:00 AM",0,0,0,2,2,0,1,1,0,,,,232,113,119,,,,3,2,1,,,
"Jan 2, 2023 4:00 AM",0,0,0,0,0,0,0,0,0,,,,67,32,35,,,,3,2,1,,,
"Jan 2, 2023 5:00 AM",2,1,1,4,2,2,0,0,0,,,,240,82,158,,,,5,3,2,,,
"Jan 2, 2023 6:00 AM",4,0,4,2,0,2,0,0,0,,,,346,64,282,,,,1,1,0,,,
"Jan 2, 2023 7:00 AM",22,12,10,4,4,0,6,6,0,,,,264,87,177,,,,2,1,1,,,
"Jan 2, 2023 8:00 AM",42,22,20,22,16,6,14,8,6,,,,135,72,63,,,,10,5,5,,,
"Jan 2, 2023 9:00 AM",84,41,43,40,25,15,21,12,9,,,,309,121,188,,,,20,15,5,,,
"Jan 2, 2023 10:00 AM",221,124,97,79,43,36,35,20,15,,,,654,300,354,,,,43,22,21,,,
"Jan 2, 2023 11:00 AM",384,236,148,69,38,31,66,38,28,,,,624,314,310,,,,39,19,20,,,
"Jan 2, 2023 12:00 PM",618,345,273,90,57,33,90,52,38,,,,838,404,434,,,,54,25,29,,,
"Jan 2, 2023 1:00 PM",584,345,239,91,46,45,67,42,25,,,,1125,565,560,,,,44,17,27,,,
"Jan 2, 2023 2:00 PM",719,389,330,100,51,49,95,59,36,,,,783,334,449,,,,59,36,23,,,
"Jan 2, 2023 3:00 PM",688,394,294,104,50,54,91,45,46,,,,768,342,426,,,,80,42,38,,,
"Jan 2, 2023 4:00 PM",545,321,224,99,34,65,86,41,45,,,,696,309,387,,,,77,34,43,,,
"Jan 2, 2023 5:00 PM",248,150,98,23,9,14,24,11,13,,,,607,263,344,,,,52,27,25,,,
"Jan 2, 2023 6:00 PM",125,73,52,29,15,14,18,7,11,,,,1003,379,624,,,,33,15,18,,,
"Jan 2, 2023 7:00 PM",88,47,41,13,6,7,15,5,10,,,,1169,387,782,,,,39,21,18,,,
"Jan 2, 2023 8:00 PM",65,36,29,15,8,7,19,10,9,,,,963,315,648,,,,13,8,5,,,
"Jan 2, 2023 9:00 PM",33,15,18,12,7,5,7,1,6,,,,818,306,512,,,,16,8,8,,,
"Jan 2, 2023 10:00 PM",6,4,2,6,2,4,9,2,7,,,,1027,433,594,,,,13,7,6,,,
"Jan 2, 2023 11:00 PM",3,2,1,1,0,1,7,3,4,,,,777,255,522,,,,4,2,2,,,
"Jan 3, 2023 12:00 AM",0,0,0,0,0,0,2,2,0,,,,1280,405,875,,,,4,4,0,,,
"Jan 3, 2023 1:00 AM",0,0,0,1,1,0,1,0,1,,,,949,332,617,,,,1,1,0,,,
"Jan 3, 2023 2:00 AM",0,0,0,0,0,0,0,0,0,,,,71,37,34,,,,0,0,0,,,
"Jan 3, 2023 3:00 AM",0,0,0,0,0,0,0,0,0,,,,23,11,12,,,,1,1,0,,,
"Jan 3, 2023 4:00 AM",0,0,0,0,0,0,0,0,0,,,,26,9,17,,,,1,1,0,,,
"Jan 3, 2023 5:00 AM",4,1,3,0,0,0,0,0,0,,,,44,14,30,,,,4,2,2,,,
"Jan 3, 2023 6:00 AM",17,9,8,7,3,4,3,1,2,,,,181,76,105,,,,8,5,3,,,
"Jan 3, 2023 7:00 AM",38,14,24,12,7,5,12,9,3,,,,369,143,226,,,,13,4,9,,,
"Jan 3, 2023 8:00 AM",55,28,27,18,6,12,9,5,4,,,,350,140,210,,,,24,12,12,,,
"Jan 3, 2023 9:00 AM",59,27,32,16,7,9,17,5,12,,,,373,171,202,,,,13,3,10,,,
"Jan 3, 2023 10:00 AM",69,40,29,13,9,4,14,8,6,,,,461,220,241,,,,25,11,14,,,
"Jan 3, 2023 11:00 AM",116,62,54,22,13,9,27,16,11,,,,385,171,214,,,,28,11,17,,,
"Jan 3, 2023 12:00 PM",127,65,62,26,8,18,25,14,11,,,,505,232,273,,,,38,15,23,,,
"Jan 3, 2023 1:00 PM",203,112,91,51,27,24,43,20,23,,,,370,177,193,,,,47,24,23,,,
"Jan 3, 2023 2:00 PM",182,101,81,35,16,19,36,21,15,,,,373,168,205,,,,46,23,23,,,
"Jan 3, 2023 3:00 PM",211,113,98,31,14,17,33,15,18,,,,410,185,225,,,,46,24,22,,,
"Jan 3, 2023 4:00 PM",187,103,84,63,38,25,31,13,18,,,,522,224,298,,,,66,31,35,,,
"Jan 3, 2023 5:00 PM",137,71,66,36,19,17,35,21,14,,,,451,177,274,,,,57,31,26,,,
"Jan 3, 2023 6:00 PM",134,75,59,40,18,22,46,22,24,,,,631,251,380,,,,52,23,29,,,
"Jan 3, 2023 7:00 PM",148,89,59,42,22,20,32,18,14,,,,425,174,251,,,,36,14,22,,,
"Jan 3, 2023 8:00 PM",91,63,28,37,15,22,33,15,18,,,,683,253,430,,,,36,14,22,,,
"Jan 3, 2023 9:00 PM",54,30,24,10,1,9,15,10,5,,,,822,319,503,,,,15,6,9,,,
"Jan 3, 2023 10:00 PM",18,6,12,5,3,2,7,4,3,,,,1146,428,718,,,,6,5,1,,,
"Jan 3, 2023 11:00 PM",4,2,2,1,1,0,2,1,1,,,,594,271,323,,,,5,4,1,,,
"Jan 4, 2023 12:00 AM",0,0,0,1,0,1,1,0,1,,,,267,125,142,,,,6,4,2,,,
"Jan 4, 2023 1:00 AM",2,1,1,2,0,2,1,0,1,,,,354,125,229,,,,9,7,2,,,
"Jan 4, 2023 2:00 AM",0,0,0,0,0,0,0,0,0,,,,248,127,121,,,,2,2,0,,,
"Jan 4, 2023 3:00 AM",0,0,0,0,0,0,0,0,0,,,,300,172,128,,,,2,2,0,,,
"Jan 4, 2023 4:00 AM",0,0,0,0,0,0,0,0,0,,,,189,128,61,,,,1,1,0,,,
"Jan 4, 2023 5:00 AM",2,2,0,2,2,0,0,0,0,,,,112,71,41,,,,7,3,4,,,
"Jan 4, 2023 6:00 AM",13,7,6,9,3,6,8,5,3,,,,372,134,238,,,,4,3,1,,,
"Jan 4, 2023 7:00 AM",32,15,17,18,8,10,11,8,3,,,,535,211,324,,,,15,8,7,,,
"Jan 4, 2023 8:00 AM",76,35,41,15,8,7,16,4,12,,,,617,269,348,,,,19,9,10,,,
"Jan 4, 2023 9:00 AM",52,22,30,30,17,13,22,9,13,,,,592,298,294,,,,24,7,17,,,
"Jan 4, 2023 10:00 AM",86,49,37,23,12,11,21,14,7,,,,468,196,272,,,,28,12,16,,,
"Jan 4, 2023 11:00 AM",139,76,63,35,21,14,27,12,15,,,,490,225,265,,,,30,16,14,,,
"Jan 4, 2023 12:00 PM",207,116,91,46,26,20,28,11,17,,,,630,308,322,,,,35,21,14,,,
"Jan 4, 2023 1:00 PM",233,128,105,53,24,29,32,21,11,,,,923,391,532,,,,56,31,25,,,
"Jan 4, 2023 2:00 PM",174,101,73,43,23,20,37,18,19,,,,714,344,370,,,,50,16,34,,,
"Jan 4, 2023 3:00 PM",119,58,61,52,29,23,23,15,8,,,,1076,551,525,,,,42,22,20,,,
"Jan 4, 2023 4:00 PM",152,90,62,30,17,13,32,11,21,,,,1229,458,771,,,,81,44,37,,,
"Jan 4, 2023 5:00 PM",82,45,37,45,27,18,40,23,17,,,,1409,516,893,,,,52,24,28,,,
"Jan 4, 2023 6:00 PM",117,53,64,33,20,13,33,14,19,,,,962,418,544,,,,44,26,18,,,
"Jan 4, 2023 7:00 PM",115,67,48,41,22,19,24,11,13,,,,671,306,365,,,,39,18,21,,,
"Jan 4, 2023 8:00 PM",127,71,56,19,7,12,28,17,11,,,,1328,462,866,,,,18,10,8,,,
"Jan 4, 2023 9:00 PM",65,40,25,13,6,7,14,9,5,,,,841,302,539,,,,11,5,6,,,
"Jan 4, 2023 10:00 PM",22,10,12,11,4,7,4,0,4,,,,691,299,392,,,,9,2,7,,,
"Jan 4, 2023 11:00 PM",7,5,2,3,0,3,2,0,2,,,,406,181,225,,,,7,4,3,,,
"Jan 5, 2023 12:00 AM",0,0,0,0,0,0,1,0,1,,,,244,86,158,,,,6,5,1,,,
"Jan 5, 2023 1:00 AM",0,0,0,0,0,0,4,3,1,,,,92,61,31,,,,1,1,0,,,
"Jan 5, 2023 2:00 AM",2,2,0,0,0,0,0,0,0,,,,15,8,7,,,,0,0,0,,,
"Jan 5, 2023 3:00 AM",2,2,0,0,0,0,0,0,0,,,,0,0,0,,,,1,1,0,,,
"Jan 5, 2023 4:00 AM",0,0,0,0,0,0,0,0,0,,,,4,2,2,,,,0,0,0,,,
"Jan 5, 2023 5:00 AM",4,1,3,0,0,0,0,0,0,,,,37,18,19,,,,4,1,3,,,
"Jan 5, 2023 6:00 AM",21,10,11,7,5,2,6,5,1,,,,257,116,141,,,,7,3,4,,,
"Jan 5, 2023 7:00 AM",45,19,26,10,4,6,15,7,8,,,,601,247,354,,,,26,16,10,,,
"Jan 5, 2023 8:00 AM",66,41,25,46,21,25,22,11,11,,,,1226,496,730,,,,91,63,28,,,
"Jan 5, 2023 9:00 AM",110,62,48,31,21,10,14,9,5,,,,569,289,280,,,,40,21,19,,,
"Jan 5, 2023 10:00 AM",114,57,57,31,20,11,21,10,11,,,,385,154,231,,,,24,13,11,,,
"Jan 5, 2023 11:00 AM",127,76,51,35,22,13,28,14,14,,,,503,244,259,,,,48,24,24,,,
"Jan 5, 2023 12:00 PM",182,103,79,38,19,19,36,16,20,,,,369,188,181,,,,41,18,23,,,
"Jan 5, 2023 1:00 PM",171,96,75,40,15,25,40,19,21,,,,701,352,349,,,,69,25,44,,,
"Jan 5, 2023 2:00 PM",111,65,46,34,14,20,20,12,8,,,,640,263,377,,,,65,17,48,,,
"Jan 5, 2023 3:00 PM",91,53,38,28,13,15,28,12,16,,,,887,380,507,,,,65,8,57,,,
"Jan 5, 2023 4:00 PM",93,58,35,23,9,14,22,13,9,,,,1021,395,626,,,,63,21,42,,,
"Jan 5, 2023 5:00 PM",72,39,33,28,18,10,47,27,20,,,,1498,607,891,,,,55,22,33,,,
"Jan 5, 2023 6:00 PM",70,34,36,24,13,11,26,15,11,,,,1034,414,620,,,,38,16,22,,,
"Jan 5, 2023 7:00 PM",85,47,38,28,15,13,19,10,9,,,,842,379,463,,,,19,11,8,,,
"Jan 5, 2023 8:00 PM",79,50,29,16,10,6,22,13,9,,,,768,296,472,,,,24,15,9,,,
"Jan 5, 2023 9:00 PM",60,32,28,17,10,7,7,2,5,,,,1769,717,1052,,,,15,4,11,,,
"Jan 5, 2023 10:00 PM",14,11,3,6,0,6,9,2,7,,,,1179,409,770,,,,10,5,5,,,
"Jan 5, 2023 11:00 PM",8,6,2,1,1,0,1,1,0,,,,1198,378,820,,,,5,5,0,,,
"Jan 6, 2023 12:00 AM",0,0,0,0,0,0,2,2,0,,,,2487,1076,1411,,,,3,3,0,,,
"Jan 6, 2023 1:00 AM",0,0,0,2,0,2,1,0,1,,,,822,440,382,,,,1,1,0,,,
"Jan 6, 2023 2:00 AM",0,0,0,0,0,0,3,2,1,,,,216,143,73,,,,0,0,0,,,
"Jan 6, 2023 3:00 AM",0,0,0,0,0,0,0,0,0,,,,422,345,77,,,,3,2,1,,,
"Jan 6, 2023 4:00 AM",1,1,0,0,0,0,0,0,0,,,,94,49,45,,,,1,1,0,,,
"Jan 6, 2023 5:00 AM",2,1,1,0,0,0,0,0,0,,,,30,17,13,,,,4,2,2,,,
"Jan 6, 2023 6:00 AM",33,13,20,10,6,4,6,4,2,,,,170,81,89,,,,10,9,1,,,
"Jan 6, 2023 7:00 AM",43,25,18,22,9,13,12,6,6,,,,567,230,337,,,,27,11,16,,,
"Jan 6, 2023 8:00 AM",81,40,41,34,15,19,13,6,7,,,,948,347,601,,,,86,64,22,,,
"Jan 6, 2023 9:00 AM",118,71,47,30,13,17,23,14,9,,,,606,268,338,,,,49,26,23,,,
"Jan 6, 2023 10:00 AM",118,53,65,25,20,5,12,3,9,,,,768,372,396,,,,30,9,21,,,
"Jan 6, 2023 11:00 AM",153,81,72,18,8,10,25,16,9,,,,1680,891,789,,,,34,15,19,,,
"Jan 6, 2023 12:00 PM",174,100,74,59,25,34,31,13,18,,,,854,315,539,,,,49,24,25,,,
"Jan 6, 2023 1:00 PM",158,86,72,64,24,40,36,20,16,,,,510,266,244,,,,113,24,89,,,
"Jan 6, 2023 2:00 PM",145,75,70,45,25,20,23,12,11,,,,579,267,312,,,,63,27,36,,,
"Jan 6, 2023 3:00 PM",152,83,69,35,20,15,26,12,14,,,,608,252,356,,,,49,25,24,,,
"Jan 6, 2023 4:00 PM",121,68,53,23,12,11,32,19,13,,,,973,336,637,,,,96,38,58,,,
"Jan 6, 2023 5:00 PM",135,79,56,43,31,12,32,21,11,,,,1326,541,785,,,,42,19,23,,,
"Jan 6, 2023 6:00 PM",106,64,42,40,19,21,27,12,15,,,,1281,509,772,,,,52,24,28,,,
"Jan 6, 2023 7:00 PM",85,38,47,21,10,11,17,6,11,,,,659,336,323,,,,37,18,19,,,
"Jan 6, 2023 8:00 PM",73,45,28,17,4,13,16,3,13,,,,474,182,292,,,,35,22,13,,,
"Jan 6, 2023 9:00 PM",37,18,19,12,7,5,23,5,18,,,,513,195,318,,,,22,5,17,,,
"Jan 6, 2023 10:00 PM",11,5,6,1,0,1,6,4,2,,,,502,116,386,,,,9,5,4,,,
"Jan 6, 2023 11:00 PM",11,5,6,1,0,1,1,0,1,,,,264,71,193,,,,3,3,0,,,
"Jan 7, 2023 12:00 AM",1,0,1,8,2,6,1,1,0,,,,185,60,125,,,,5,5,0,,,
"Jan 7, 2023 1:00 AM",5,3,2,1,0,1,1,0,1,,,,47,11,36,,,,8,5,3,,,
"Jan 7, 2023 2:00 AM",0,0,0,0,0,0,2,1,1,,,,117,50,67,,,,4,2,2,,,
"Jan 7, 2023 3:00 AM",0,0,0,0,0,0,0,0,0,,,,44,17,27,,,,0,0,0,,,
"Jan 7, 2023 4:00 AM",0,0,0,0,0,0,0,0,0,,,,1,1,0,,,,0,0,0,,,
"Jan 7, 2023 5:00 AM",0,0,0,0,0,0,0,0,0,,,,11,4,7,,,,5,3,2,,,
"Jan 7, 2023 6:00 AM",8,1,7,0,0,0,0,0,0,,,,39,22,17,,,,3,2,1,,,
"Jan 7, 2023 7:00 AM",27,12,15,10,8,2,12,8,4,,,,107,39,68,,,,8,4,4,,,
"Jan 7, 2023 8:00 AM",54,22,32,21,7,14,26,14,12,,,,156,84,72,,,,20,7,13,,,
"Jan 7, 2023 9:00 AM",132,59,73,34,14,20,29,15,14,,,,466,214,252,,,,25,13,12,,,
"Jan 7, 2023 10:00 AM",190,114,76,93,49,44,54,32,22,,,,494,248,246,,,,30,18,12,,,
"Jan 7, 2023 11:00 AM",203,114,89,68,33,35,70,33,37,,,,541,223,318,,,,40,21,19,,,
"Jan 7, 2023 12:00 PM",235,130,105,81,40,41,61,38,23,,,,810,325,485,,,,49,20,29,,,
"Jan 7, 2023 1:00 PM",315,208,107,88,46,42,71,46,25,,,,682,287,395,,,,56,20,36,,,
"Jan 7, 2023 2:00 PM",318,194,124,73,41,32,62,37,25,,,,688,266,422,,,,54,29,25,,,
"Jan 7, 2023 3:00 PM",373,212,161,75,33,42,81,35,46,,,,1012,461,551,,,,57,34,23,,,
"Jan 7, 2023 4:00 PM",329,185,144,63,40,23,61,29,32,,,,761,330,431,,,,52,30,22,,,
"Jan 7, 2023 5:00 PM",157,83,74,41,17,24,25,14,11,,,,701,253,448,,,,32,13,19,,,
"Jan 7, 2023 6:00 PM",64,40,24,11,6,5,19,11,8,,,,1014,386,628,,,,32,15,17,,,
"Jan 7, 2023 7:00 PM",59,28,31,26,15,11,18,7,11,,,,824,287,537,,,,21,9,12,,,
"Jan 7, 2023 8:00 PM",35,20,15,10,6,4,6,5,1,,,,1114,338,776,,,,26,9,17,,,
"Jan 7, 2023 9:00 PM",28,16,12,9,6,3,2,0,2,,,,700,302,398,,,,9,5,4,,,
"Jan 7, 2023 10:00 PM",31,20,11,8,2,6,5,2,3,,,,1026,441,585,,,,16,10,6,,,
"Jan 7, 2023 11:00 PM",10,6,4,4,1,3,1,0,1,,,,689,292,397,,,,16,9,7,,,
"Jan 8, 2023 12:00 AM",1,0,1,0,0,0,2,0,2,,,,833,286,547,,,,4,4,0,,,
"Jan 8, 2023 1:00 AM",3,2,1,3,3,0,2,1,1,,,,457,188,269,,,,13,5,8,,,
"Jan 8, 2023 2:00 AM",2,1,1,0,0,0,0,0,0,,,,654,405,249,,,,4,3,1,,,
"Jan 8, 2023 3:00 AM",0,0,0,0,0,0,0,0,0,,,,217,148,69,,,,4,2,2,,,
"Jan 8, 2023 4:00 AM",0,0,0,1,0,1,0,0,0,,,,265,222,43,,,,2,1,1,,,
"Jan 8, 2023 5:00 AM",0,0,0,1,0,1,1,0,1,,,,344,322,22,,,,2,1,1,,,
"Jan 8, 2023 6:00 AM",4,1,3,4,0,4,0,0,0,,,,67,44,23,,,,1,1,0,,,
"Jan 8, 2023 7:00 AM",22,8,14,7,1,6,8,2,6,,,,60,29,31,,,,5,1,4,,,
"Jan 8, 2023 8:00 AM",60,34,26,19,15,4,17,14,3,,,,303,170,133,,,,10,4,6,,,
"Jan 8, 2023 9:00 AM",102,55,47,47,29,18,35,17,18,,,,598,236,362,,,,26,15,11,,,
"Jan 8, 2023 10:00 AM",217,130,87,84,40,44,49,27,22,,,,568,236,332,,,,42,19,23,,,
"Jan 8, 2023 11:00 AM",473,269,204,113,71,42,55,40,15,,,,606,274,332,,,,54,31,23,,,
"Jan 8, 2023 12:00 PM",463,269,194,127,72,55,83,42,41,,,,694,335,359,,,,51,23,28,,,
"Jan 8, 2023 1:00 PM",424,240,184,108,57,51,78,42,36,,,,935,405,530,,,,54,28,26,,,
"Jan 8, 2023 2:00 PM",518,282,236,75,41,34,76,46,30,,,,824,398,426,,,,46,31,15,,,
"Jan 8, 2023 3:00 PM",534,307,227,116,47,69,80,37,43,,,,843,363,480,,,,48,33,15,,,
"Jan 8, 2023 4:00 PM",395,237,158,93,51,42,66,38,28,,,,742,319,423,,,,41,20,21,,,
"Jan 8, 2023 5:00 PM",185,110,75,59,11,48,42,16,26,,,,1009,398,611,,,,25,15,10,,,
"Jan 8, 2023 6:00 PM",107,58,49,31,16,15,32,13,19,,,,1387,531,856,,,,22,9,13,,,
"Jan 8, 2023 7:00 PM",65,34,31,5,2,3,22,14,8,,,,1581,647,934,,,,33,17,16,,,
"Jan 8, 2023 8:00 PM",41,25,16,18,8,10,4,2,2,,,,1685,656,1029,,,,21,8,13,,,
"Jan 8, 2023 9:00 PM",28,13,15,13,6,7,6,2,4,,,,1612,676,936,,,,9,4,5,,,
"Jan 8, 2023 10:00 PM",16,7,9,9,0,9,7,3,4,,,,1208,411,797,,,,6,3,3,,,
"Jan 8, 2023 11:00 PM",12,7,5,0,0,0,3,3,0,,,,1237,503,734,,,,2,1,1,,,
"Jan 9, 2023 12:00 AM",0,0,0,0,0,0,1,0,1,,,,739,302,437,,,,3,1,2,,,
"Jan 9, 2023 1:00 AM",0,0,0,0,0,0,0,0,0,,,,209,77,132,,,,0,0,0,,,
"Jan 9, 2023 2:00 AM",0,0,0,1,1,0,1,1,0,,,,47,19,28,,,,0,0,0,,,
"Jan 9, 2023 3:00 AM",0,0,0,0,0,0,0,0,0,,,,36,22,14,,,,1,1,0,,,
"Jan 9, 2023 4:00 AM",0,0,0,1,1,0,0,0,0,,,,63,23,40,,,,0,0,0,,,
"Jan 9, 2023 5:00 AM",6,1,5,0,0,0,0,0,0,,,,25,8,17,,,,7,4,3,,,
"Jan 9, 2023 6:00 AM",38,18,20,12,6,6,11,7,4,,,,241,133,108,,,,5,3,2,,,
"Jan 9, 2023 7:00 AM",35,20,15,15,4,11,10,6,4,,,,703,290,413,,,,26,11,15,,,
"Jan 9, 2023 8:00 AM",78,37,41,24,7,17,18,4,14,,,,1582,599,983,,,,105,64,41,,,
"Jan 9, 2023 9:00 AM",82,48,34,37,22,15,18,12,6,,,,1188,472,716,,,,40,23,17,,,
"Jan 9, 2023 10:00 AM",78,40,38,28,17,11,15,6,9,,,,789,402,387,,,,41,18,23,,,
"Jan 9, 2023 11:00 AM",97,54,43,38,29,9,26,18,8,,,,522,245,277,,,,32,18,14,,,
"Jan 9, 2023 12:00 PM",127,74,53,54,21,33,33,13,20,,,,974,455,519,,,,41,25,16,,,
"Jan 9, 2023 1:00 PM",150,76,74,60,23,37,40,22,18,,,,873,393,480,,,,53,26,27,,,
"Jan 9, 2023 2:00 PM",123,76,47,25,13,12,17,14,3,,,,834,389,445,,,,46,17,29,,,
"Jan 9, 2023 3:00 PM",89,46,43,27,17,10,11,8,3,,,,1566,703,863,,,,76,19,57,,,
"Jan 9, 2023 4:00 PM",76,35,41,34,21,13,16,8,8,,,,1164,501,663,,,,56,17,39,,,
"Jan 9, 2023 5:00 PM",73,37,36,41,26,15,55,30,25,,,,1575,576,999,,,,70,41,29,,,
"Jan 9, 2023 6:00 PM",101,70,31,36,18,18,37,20,17,,,,1214,533,681,,,,62,29,33,,,
"Jan 9, 2023 7:00 PM",114,61,53,35,14,21,22,13,9,,,,1241,556,685,,,,36,15,21,,,
"Jan 9, 2023 8:00 PM",113,64,49,27,11,16,33,19,14,,,,772,311,461,,,,25,14,11,,,
"Jan 9, 2023 9:00 PM",45,23,22,15,8,7,6,1,5,,,,1167,483,684,,,,13,4,9,,,
"Jan 9, 2023 10:00 PM",30,18,12,7,3,4,7,3,4,,,,1765,491,1274,,,,8,3,5,,,
"Jan 9, 2023 11:00 PM",4,2,2,8,3,5,3,3,0,,,,1375,377,998,,,,5,1,4,,,
"Jan 10, 2023 12:00 AM",0,0,0,0,0,0,1,0,1,,,,497,161,336,,,,5,5,0,,,
"Jan 10, 2023 1:00 AM",0,0,0,0,0,0,0,0,0,,,,356,89,267,,,,0,0,0,,,
"Jan 10, 2023 2:00 AM",0,0,0,0,0,0,0,0,0,,,,78,37,41,,,,1,0,1,,,
"Jan 10, 2023 3:00 AM",0,0,0,0,0,0,0,0,0,0,0,0,153,116,37,,,,1,1,0,,,
"Jan 10, 2023 4:00 AM",0,0,0,0,0,0,0,0,0,0,0,0,56,42,14,,,,1,1,0,,,
"Jan 10, 2023 5:00 AM",0,0,0,1,0,1,2,1,1,0,0,0,11,8,3,,,,3,1,2,,,
"Jan 10, 2023 6:00 AM",10,4,6,5,2,3,5,2,3,0,0,0,81,32,49,,,,7,5,2,,,
"Jan 10, 2023 7:00 AM",21,9,12,13,8,5,12,6,6,0,0,0,417,156,261,,,,14,6,8,,,
"Jan 10, 2023 8:00 AM",48,22,26,27,11,16,13,5,8,0,0,0,770,318,452,,,,45,25,20,,,
"Jan 10, 2023 9:00 AM",45,22,23,20,8,12,14,8,6,0,0,0,345,129,216,,,,33,12,21,,,
"Jan 10, 2023 10:00 AM",67,40,27,15,5,10,13,7,6,0,0,0,424,192,232,,,,46,15,31,,,
"Jan 10, 2023 11:00 AM",94,54,40,26,11,15,17,9,8,0,0,0,320,135,185,,,,32,15,17,,,
"Jan 10, 2023 12:00 PM",110,63,47,37,22,15,33,11,22,0,0,0,286,118,168,,,,58,39,19,,,
"Jan 10, 2023 1:00 PM",139,79,60,41,18,23,52,34,18,0,0,0,687,292,395,,,,58,20,38,,,
"Jan 10, 2023 2:00 PM",88,38,50,32,16,16,29,15,14,0,0,0,611,251,360,,,,93,46,47,,,
"Jan 10, 2023 3:00 PM",52,32,20,24,16,8,23,9,14,0,0,0,600,227,373,,,,32,13,19,,,
"Jan 10, 2023 4:00 PM",24,12,12,9,6,3,8,6,2,0,0,0,542,186,356,,,,18,8,10,,,
"Jan 10, 2023 5:00 PM",44,26,18,27,21,6,29,24,5,0,0,0,910,326,584,,,,29,16,13,,,
"Jan 10, 2023 6:00 PM",49,32,17,47,27,20,30,18,12,0,0,0,742,306,436,,,,33,17,16,,,
"Jan 10, 2023 7:00 PM",92,43,49,55,20,35,35,11,24,0,0,0,681,277,404,,,,40,17,23,,,
"Jan 10, 2023 8:00 PM",105,62,43,43,22,21,26,15,11,0,0,0,489,183,306,,,,24,13,11,,,
"Jan 10, 2023 9:00 PM",41,28,13,12,6,6,16,6,10,0,0,0,636,226,410,,,,15,6,9,,,
"Jan 10, 2023 10:00 PM",10,6,4,2,2,0,1,1,0,0,0,0,865,321,544,,,,14,5,9,,,
"Jan 10, 2023 11:00 PM",7,3,4,1,0,1,3,2,1,0,0,0,359,147,212,,,,3,3,0,,,
"Jan 11, 2023 12:00 AM",0,0,0,1,0,1,0,0,0,0,0,0,388,142,246,,,,2,1,1,,,
"Jan 11, 2023 1:00 AM",0,0,0,0,0,0,0,0,0,0,0,0,63,26,37,,,,3,3,0,,,
"Jan 11, 2023 2:00 AM",0,0,0,0,0,0,2,1,1,0,0,0,24,9,15,,,,0,0,0,,,
"Jan 11, 2023 3:00 AM",0,0,0,0,0,0,0,0,0,0,0,0,74,40,34,,,,0,0,0,,,
"Jan 11, 2023 4:00 AM",0,0,0,1,1,0,0,0,0,0,0,0,72,39,33,,,,3,2,1,,,
"Jan 11, 2023 5:00 AM",6,3,3,2,2,0,0,0,0,0,0,0,25,21,4,,,,6,2,4,,,
"Jan 11, 2023 6:00 AM",37,17,20,12,5,7,12,10,2,0,0,0,129,59,70,,,,7,5,2,,,
"Jan 11, 2023 7:00 AM",47,30,17,17,4,13,16,6,10,0,0,0,697,265,432,,,,27,11,16,,,
"Jan 11, 2023 8:00 AM",71,35,36,19,6,13,19,8,11,0,0,0,1240,418,822,,,,112,83,29,,,
"Jan 11, 2023 9:00 AM",63,29,34,27,19,8,13,7,6,0,0,0,718,262,456,,,,41,19,22,,,
"Jan 11, 2023 10:00 AM",43,25,18,20,9,11,16,7,9,0,0,0,489,195,294,,,,17,9,8,,,
"Jan 11, 2023 11:00 AM",38,24,14,8,7,1,7,5,2,0,0,0,458,229,229,,,,16,6,10,,,
"Jan 11, 2023 12:00 PM",65,38,27,18,7,11,25,13,12,0,0,0,475,223,252,,,,20,11,9,,,
"Jan 11, 2023 1:00 PM",76,37,39,33,18,15,33,20,13,0,0,0,898,374,524,,,,54,18,36,,,
"Jan 11, 2023 2:00 PM",67,37,30,26,15,11,16,11,5,0,0,0,835,346,489,,,,48,24,24,,,
"Jan 11, 2023 3:00 PM",76,38,38,22,13,9,22,11,11,0,0,0,1037,454,583,,,,107,24,83,,,
"Jan 11, 2023 4:00 PM",82,52,30,35,19,16,33,21,12,0,0,0,1020,444,576,,,,60,26,34,,,
"Jan 11, 2023 5:00 PM",76,40,36,38,22,16,37,24,13,0,0,0,1210,448,762,,,,53,22,31,,,
"Jan 11, 2023 6:00 PM",63,37,26,42,22,20,23,11,12,0,0,0,1058,421,637,,,,57,25,32,,,
"Jan 11, 2023 7:00 PM",68,41,27,33,16,17,25,16,9,0,0,0,641,276,365,,,,36,21,15,,,
"Jan 11, 2023 8:00 PM",24,15,9,15,5,10,18,7,11,0,0,0,523,201,322,,,,21,11,10,,,
"Jan 11, 2023 9:00 PM",11,9,2,8,4,4,10,4,6,0,0,0,678,276,402,,,,6,4,2,,,
"Jan 11, 2023 10:00 PM",12,8,4,2,1,1,1,0,1,0,0,0,895,365,530,,,,10,4,6,,,
"Jan 11, 2023 11:00 PM",5,3,2,0,0,0,0,0,0,0,0,0,1217,470,747,,,,3,1,2,,,
"Jan 12, 2023 12:00 AM",0,0,0,0,0,0,1,1,0,0,0,0,678,301,377,,,,4,4,0,,,
"Jan 12, 2023 1:00 AM",0,0,0,0,0,0,3,2,1,0,0,0,257,202,55,,,,1,1,0,,,
"Jan 12, 2023 2:00 AM",0,0,0,0,0,0,0,0,0,0,0,0,4,1,3,,,,0,0,0,,,
"Jan 12, 2023 3:00 AM",0,0,0,0,0,0,0,0,0,0,0,0,120,31,89,,,,1,1,0,,,
"Jan 12, 2023 4:00 AM",0,0,0,0,0,0,0,0,0,0,0,0,12,4,8,,,,1,1,0,,,
"Jan 12, 2023 5:00 AM",1,0,1,1,1,0,0,0,0,0,0,0,7,5,2,,,,5,3,2,,,
"Jan 12, 2023 6:00 AM",27,13,14,6,2,4,5,2,3,0,0,0,111,60,51,,,,2,2,0,,,
"Jan 12, 2023 7:00 AM",43,23,20,18,8,10,17,8,9,0,0,0,756,305,451,,,,23,9,14,,,
"Jan 12, 2023 8:00 AM",78,37,41,25,9,16,22,7,15,0,0,0,1485,496,989,,,,106,73,33,,,
"Jan 12, 2023 9:00 AM",78,41,37,21,15,6,15,10,5,0,0,0,992,389,603,,,,47,23,24,,,
"Jan 12, 2023 10:00 AM",57,38,19,39,20,19,22,11,11,0,0,0,606,207,399,,,,27,14,13,,,
"Jan 12, 2023 11:00 AM",82,47,35,26,13,13,19,9,10,0,0,0,642,267,375,,,,30,16,14,,,
"Jan 12, 2023 12:00 PM",93,56,37,31,17,14,20,10,10,0,0,0,859,337,522,,,,29,15,14,,,
"Jan 12, 2023 1:00 PM",81,42,39,34,22,12,29,16,13,0,0,0,963,457,506,,,,23,7,16,,,
"Jan 12, 2023 2:00 PM",86,47,39,30,17,13,10,6,4,0,0,0,883,393,490,,,,47,17,30,,,
"Jan 12, 2023 3:00 PM",61,41,20,17,12,5,10,7,3,0,0,0,1072,437,635,,,,74,11,63,,,
"Jan 12, 2023 4:00 PM",66,26,40,18,12,6,23,15,8,0,0,0,1098,491,607,,,,49,14,35,,,
"Jan 12, 2023 5:00 PM",38,23,15,22,16,6,20,14,6,0,0,0,1183,473,710,,,,40,17,23,,,
"Jan 12, 2023 6:00 PM",47,21,26,20,11,9,23,11,12,0,0,0,1232,507,725,,,,33,18,15,,,
"Jan 12, 2023 7:00 PM",39,27,12,22,13,9,12,8,4,0,0,0,1344,572,772,,,,31,17,14,,,
"Jan 12, 2023 8:00 PM",32,20,12,15,9,6,12,9,3,0,0,0,1035,426,609,,,,28,13,15,,,
"Jan 12, 2023 9:00 PM",12,9,3,3,1,2,4,1,3,0,0,0,1208,451,757,,,,9,4,5,,,
"Jan 12, 2023 10:00 PM",4,2,2,6,1,5,2,0,2,0,0,0,920,371,549,,,,12,6,6,,,
"Jan 12, 2023 11:00 PM",3,2,1,0,0,0,1,0,1,0,0,0,515,219,296,,,,4,4,0,,,
"Jan 13, 2023 12:00 AM",0,0,0,1,0,1,2,0,2,0,0,0,602,266,336,,,,12,8,4,,,
"Jan 13, 2023 1:00 AM",0,0,0,0,0,0,0,0,0,0,0,0,1319,508,811,,,,3,2,1,,,
"Jan 13, 2023 2:00 AM",0,0,0,0,0,0,0,0,0,0,0,0,601,317,284,,,,0,0,0,,,
"Jan 13, 2023 3:00 AM",0,0,0,0,0,0,0,0,0,0,0,0,68,58,10,,,,5,1,4,,,
"Jan 13, 2023 4:00 AM",0,0,0,0,0,0,0,0,0,0,0,0,13,10,3,,,,2,2,0,,,
"Jan 13, 2023 5:00 AM",1,0,1,0,0,0,0,0,0,0,0,0,178,107,71,,,,2,1,1,,,
"Jan 13, 2023 6:00 AM",22,9,13,9,4,5,6,4,2,0,0,0,370,182,188,,,,5,4,1,,,
"Jan 13, 2023 7:00 AM",25,17,8,19,10,9,16,10,6,0,0,0,981,375,606,,,,25,8,17,,,
"Jan 13, 2023 8:00 AM",49,24,25,31,19,12,17,5,12,0,0,0,1125,492,633,,,,77,63,14,,,
"Jan 13, 2023 9:00 AM",65,37,28,23,9,14,23,10,13,0,0,0,725,308,417,,,,61,23,38,,,
"Jan 13, 2023 10:00 AM",76,39,37,24,8,16,10,5,5,0,0,0,672,310,362,,,,19,7,12,,,
"Jan 13, 2023 11:00 AM",116,69,47,30,17,13,30,17,13,0,0,0,588,256,332,,,,22,12,10,,,
"Jan 13, 2023 12:00 PM",103,49,54,56,31,25,35,19,16,0,0,0,714,291,423,,,,34,17,17,,,
"Jan 13, 2023 1:00 PM",133,79,54,46,23,23,37,20,17,0,0,0,739,344,395,,,,97,20,77,,,
"Jan 13, 2023 2:00 PM",119,68,51,35,16,19,21,12,9,0,0,0,784,357,427,,,,71,28,43,,,
"Jan 13, 2023 3:00 PM",124,68,56,45,17,28,26,14,12,0,0,0,745,348,397,,,,68,32,36,,,
"Jan 13, 2023 4:00 PM",101,55,46,28,16,12,24,9,15,0,0,0,908,335,573,,,,69,27,42,,,
"Jan 13, 2023 5:00 PM",90,40,50,40,21,19,32,18,14,0,0,0,1142,425,717,,,,59,29,30,,,
"Jan 13, 2023 6:00 PM",104,66,38,44,24,20,67,46,21,0,0,0,1279,521,758,,,,56,26,30,,,
"Jan 13, 2023 7:00 PM",89,47,42,22,15,7,55,34,21,0,0,0,1034,365,669,,,,64,30,34,,,
"Jan 13, 2023 8:00 PM",51,35,16,13,5,8,12,6,6,0,0,0,715,290,425,,,,19,10,9,,,
"Jan 13, 2023 9:00 PM",17,7,10,16,5,11,8,5,3,0,0,0,705,304,401,,,,10,7,3,,,
"Jan 13, 2023 10:00 PM",14,8,6,6,3,3,10,5,5,0,0,0,879,398,481,,,,19,8,11,,,
"Jan 13, 2023 11:00 PM",7,2,5,5,1,4,2,1,1,0,0,0,769,257,512,,,,4,2,2,,,
"Jan 14, 2023 12:00 AM",0,0,0,1,1,0,0,0,0,0,0,0,947,330,617,,,,2,1,1,,,
"Jan 14, 2023 1:00 AM",0,0,0,2,2,0,3,1,2,0,0,0,329,175,154,,,,5,5,0,,,
"Jan 14, 2023 2:00 AM",3,2,1,0,0,0,0,0,0,0,0,0,15,10,5,,,,1,0,1,,,
"Jan 14, 2023 3:00 AM",0,0,0,0,0,0,0,0,0,0,0,0,78,38,40,,,,0,0,0,,,
"Jan 14, 2023 4:00 AM",0,0,0,0,0,0,0,0,0,0,0,0,31,23,8,,,,1,1,0,,,
"Jan 14, 2023 5:00 AM",0,0,0,0,0,0,0,0,0,0,0,0,41,30,11,,,,2,1,1,,,
"Jan 14, 2023 6:00 AM",8,1,7,3,1,2,1,1,0,0,0,0,309,34,275,,,,1,0,1,,,
"Jan 14, 2023 7:00 AM",29,15,14,11,6,5,4,4,0,0,0,0,424,151,273,,,,5,3,2,,,
"Jan 14, 2023 8:00 AM",57,33,24,38,21,17,34,22,12,0,0,0,265,119,146,,,,17,7,10,,,
"Jan 14, 2023 9:00 AM",95,46,49,50,24,26,36,23,13,0,0,0,458,217,241,,,,24,8,16,,,
"Jan 14, 2023 10:00 AM",163,95,68,65,31,34,36,22,14,0,0,0,601,311,290,,,,32,15,17,,,
"Jan 14, 2023 11:00 AM",159,92,67,61,29,32,56,41,15,0,0,0,880,370,510,,,,45,27,18,,,
"Jan 14, 2023 12:00 PM",213,118,95,80,41,39,57,33,24,0,0,0,835,376,459,,,,56,26,30,,,
"Jan 14, 2023 1:00 PM",239,142,97,66,40,26,51,30,21,0,0,0,1022,389,633,,,,42,21,21,,,
"Jan 14, 2023 2:00 PM",160,83,77,58,35,23,50,30,20,0,0,0,682,263,419,,,,29,15,14,,,
"Jan 14, 2023 3:00 PM",196,109,87,70,47,23,54,36,18,0,0,0,1225,534,691,,,,47,27,20,,,
"Jan 14, 2023 4:00 PM",169,94,75,57,28,29,36,16,20,0,0,0,1243,484,759,,,,31,18,13,,,
"Jan 14, 2023 5:00 PM",115,49,66,33,17,16,28,18,10,0,0,0,1449,503,946,,,,37,15,22,,,
"Jan 14, 2023 6:00 PM",47,26,21,23,10,13,18,7,11,0,0,0,1677,559,1118,,,,25,10,15,,,
"Jan 14, 2023 7:00 PM",36,20,16,8,4,4,11,4,7,0,0,0,1116,439,677,,,,23,13,10,,,
"Jan 14, 2023 8:00 PM",30,18,12,2,1,1,6,2,4,0,0,0,846,336,510,,,,17,7,10,,,
"Jan 14, 2023 9:00 PM",5,2,3,3,2,1,0,0,0,0,0,0,1131,525,606,,,,8,5,3,,,
"Jan 14, 2023 10:00 PM",9,5,4,1,0,1,4,0,4,0,0,0,1094,417,677,,,,10,6,4,,,
"Jan 14, 2023 11:00 PM",3,2,1,6,4,2,0,0,0,0,0,0,1438,576,862,,,,7,5,2,,,
"Jan 15, 2023 12:00 AM",0,0,0,0,0,0,1,1,0,0,0,0,915,441,474,,,,5,4,1,,,
"Jan 15, 2023 1:00 AM",4,3,1,0,0,0,0,0,0,0,0,0,486,177,309,,,,8,6,2,,,
"Jan 15, 2023 2:00 AM",1,1,0,1,1,0,1,1,0,0,0,0,519,223,296,,,,2,2,0,,,
"Jan 15, 2023 3:00 AM",1,0,1,0,0,0,1,0,1,0,0,0,60,14,46,,,,1,0,1,,,
"Jan 15, 2023 4:00 AM",0,0,0,0,0,0,3,2,1,0,0,0,28,15,13,,,,0,0,0,,,
"Jan 15, 2023 5:00 AM",0,0,0,0,0,0,0,0,0,0,0,0,66,39,27,,,,5,2,3,,,
"Jan 15, 2023 6:00 AM",6,4,2,3,2,1,0,0,0,0,0,0,27,18,9,,,,2,0,2,,,
"Jan 15, 2023 7:00 AM",20,8,12,4,2,2,7,3,4,0,0,0,178,83,95,,,,5,0,5,,,
"Jan 15, 2023 8:00 AM",17,5,12,8,6,2,14,10,4,0,0,0,486,168,318,,,,14,7,7,,,
"Jan 15, 2023 9:00 AM",89,35,54,44,22,22,33,20,13,0,0,0,517,239,278,,,,20,8,12,,,
"Jan 15, 2023 10:00 AM",169,103,66,52,25,27,42,20,22,0,0,0,555,249,306,,,,56,28,28,,,
"Jan 15, 2023 11:00 AM",320,172,148,84,37,47,60,38,22,0,0,0,715,334,381,,,,52,30,22,,,
"Jan 15, 2023 12:00 PM",410,256,154,80,43,37,72,38,34,0,0,0,846,383,463,,,,73,28,45,,,
"Jan 15, 2023 1:00 PM",387,213,174,96,49,47,75,36,39,0,0,0,1117,455,662,,,,56,28,28,,,
"Jan 15, 2023 2:00 PM",372,200,172,64,38,26,56,29,27,0,0,0,1058,458,600,,,,46,20,26,,,
"Jan 15, 2023 3:00 PM",375,212,163,70,35,35,60,31,29,0,0,0,1093,398,695,,,,47,14,33,,,
"Jan 15, 2023 4:00 PM",270,135,135,62,30,32,66,30,36,0,0,0,1087,427,660,,,,48,20,28,,,
"Jan 15, 2023 5:00 PM",143,88,55,34,13,21,49,23,26,0,0,0,953,441,512,,,,40,22,18,,,
"Jan 15, 2023 6:00 PM",58,32,26,26,9,17,20,8,12,0,0,0,872,349,523,,,,43,22,21,,,
"Jan 15, 2023 7:00 PM",73,38,35,21,11,10,15,6,9,0,0,0,974,455,519,,,,21,10,11,,,
"Jan 15, 2023 8:00 PM",48,26,22,26,14,12,13,6,7,0,0,0,806,344,462,,,,13,9,4,,,
"Jan 15, 2023 9:00 PM",27,11,16,8,3,5,10,3,7,0,0,0,1726,651,1075,,,,12,3,9,,,
"Jan 15, 2023 10:00 PM",9,5,4,9,3,6,5,2,3,0,0,0,1819,755,1064,,,,10,5,5,,,
"Jan 15, 2023 11:00 PM",2,1,1,4,1,3,2,1,1,0,0,0,2233,856,1377,,,,8,7,1,,,
"Jan 16, 2023 12:00 AM",1,1,0,0,0,0,0,0,0,0,0,0,1927,689,1238,,,,2,2,0,,,
"Jan 16, 2023 1:00 AM",0,0,0,0,0,0,0,0,0,0,0,0,208,84,124,,,,0,0,0,,,
"Jan 16, 2023 2:00 AM",0,0,0,0,0,0,0,0,0,0,0,0,168,74,94,,,,0,0,0,,,
"Jan 16, 2023 3:00 AM",0,0,0,2,2,0,0,0,0,0,0,0,298,169,129,,,,1,1,0,,,
"Jan 16, 2023 4:00 AM",0,0,0,2,0,2,0,0,0,0,0,0,473,282,191,,,,0,0,0,,,
"Jan 16, 2023 5:00 AM",3,1,2,2,0,2,2,1,1,0,0,0,116,54,62,,,,4,2,2,,,
"Jan 16, 2023 6:00 AM",25,12,13,6,2,4,4,3,1,0,0,0,356,198,158,,,,5,4,1,,,
"Jan 16, 2023 7:00 AM",45,27,18,17,6,11,11,6,5,0,0,0,1325,570,755,,,,34,15,19,,,
"Jan 16, 2023 8:00 AM",72,32,40,16,7,9,20,11,9,0,0,0,2469,1070,1399,,,,121,85,36,,,
"Jan 16, 2023 9:00 AM",77,45,32,40,16,24,12,6,6,0,0,0,763,351,412,,,,42,19,23,,,
"Jan 16, 2023 10:00 AM",97,49,48,23,7,16,14,7,7,0,0,0,1124,550,574,,,,34,16,18,,,
"Jan 16, 2023 11:00 AM",156,93,63,27,12,15,26,20,6,0,0,0,775,355,420,,,,36,20,16,,,
"Jan 16, 2023 12:00 PM",146,78,68,51,24,27,49,23,26,0,0,0,1252,530,722,,,,52,22,30,,,
"Jan 16, 2023 1:00 PM",214,108,106,58,34,24,54,31,23,0,0,0,1875,745,1130,,,,72,25,47,,,
"Jan 16, 2023 2:00 PM",162,89,73,40,22,18,27,12,15,0,0,0,886,422,464,,,,62,21,41,,,
"Jan 16, 2023 3:00 PM",122,65,57,32,20,12,25,18,7,0,0,0,1102,434,668,,,,101,23,78,,,
"Jan 16, 2023 4:00 PM",101,63,38,39,25,14,18,8,10,0,0,0,1279,485,794,,,,81,28,53,,,
"Jan 16, 2023 5:00 PM",101,49,52,27,21,6,36,20,16,0,0,0,1734,671,1063,,,,73,37,36,,,
"Jan 16, 2023 6:00 PM",119,65,54,42,21,21,36,21,15,0,0,0,1497,615,882,,,,83,46,37,,,
"Jan 16, 2023 7:00 PM",106,52,54,39,21,18,39,23,16,0,0,0,795,322,473,,,,38,12,26,,,
"Jan 16, 2023 8:00 PM",102,60,42,26,14,12,26,14,12,0,0,0,2032,843,1189,,,,29,18,11,,,
"Jan 16, 2023 9:00 PM",50,25,25,9,3,6,20,8,12,0,0,0,1632,564,1068,,,,12,4,8,,,
"Jan 16, 2023 10:00 PM",15,11,4,3,1,2,5,2,3,0,0,0,1606,543,1063,,,,13,6,7,,,
"Jan 16, 2023 11:00 PM",4,3,1,4,1,3,5,1,4,0,0,0,1906,770,1136,,,,5,4,1,,,
"Jan 17, 2023 12:00 AM",0,0,0,0,0,0,3,1,2,0,0,0,1114,500,614,,,,4,4,0,,,
"Jan 17, 2023 1:00 AM",0,0,0,0,0,0,0,0,0,0,0,0,289,146,143,,,,1,0,1,,,
"Jan 17, 2023 2:00 AM",0,0,0,0,0,0,0,0,0,0,0,0,117,87,30,,,,0,0,0,,,
"Jan 17, 2023 3:00 AM",0,0,0,0,0,0,0,0,0,0,0,0,155,113,42,,,,0,0,0,,,
"Jan 17, 2023 4:00 AM",0,0,0,0,0,0,0,0,0,0,0,0,79,56,23,,,,1,1,0,,,
"Jan 17, 2023 5:00 AM",5,0,5,0,0,0,1,1,0,0,0,0,65,41,24,,,,5,2,3,,,
"Jan 17, 2023 6:00 AM",16,9,7,5,2,3,3,2,1,0,0,0,1088,509,579,,,,3,2,1,,,
"Jan 17, 2023 7:00 AM",49,25,24,23,11,12,14,6,8,0,0,0,1915,890,1025,,,,20,6,14,,,
"Jan 17, 2023 8:00 AM",65,38,27,35,14,21,10,3,7,0,0,0,2168,932,1236,,,,106,77,29,,,
"Jan 17, 2023 9:00 AM",74,41,33,17,12,5,16,8,8,0,0,0,1490,739,751,,,,58,26,32,,,
"Jan 17, 2023 10:00 AM",110,60,50,33,16,17,35,18,17,0,0,0,1049,480,569,,,,55,18,37,,,
"Jan 17, 2023 11:00 AM",143,66,77,38,19,19,26,17,9,0,0,0,1016,499,517,,,,49,22,27,,,
"Jan 17, 2023 12:00 PM",134,81,53,34,17,17,40,21,19,0,0,0,1305,602,703,,,,55,28,27,,,
"Jan 17, 2023 1:00 PM",198,100,98,57,35,22,58,32,26,0,0,0,1561,758,803,,,,79,37,42,,,
"Jan 17, 2023 2:00 PM",128,63,65,30,8,22,29,15,14,0,0,0,1324,634,690,,,,80,31,49,,,
"Jan 17, 2023 3:00 PM",98,49,49,34,22,12,25,13,12,0,0,0,1289,582,707,,,,107,28,79,,,
"Jan 17, 2023 4:00 PM",104,63,41,46,29,17,28,17,11,0,0,0,1298,542,756,,,,54,21,33,,,
"Jan 17, 2023 5:00 PM",75,41,34,42,25,17,42,23,19,0,0,0,1787,762,1025,,,,54,30,24,,,
"Jan 17, 2023 6:00 PM",86,51,35,50,26,24,48,31,17,0,0,0,2066,874,1192,,,,62,40,22,,,
"Jan 17, 2023 7:00 PM",67,43,24,60,31,29,43,19,24,0,0,0,1219,568,651,,,,49,31,18,,,
"Jan 17, 2023 8:00 PM",71,44,27,18,10,8,21,9,12,0,0,0,1356,608,748,,,,41,18,23,,,
"Jan 17, 2023 9:00 PM",29,19,10,13,4,9,6,2,4,0,0,0,1959,969,990,,,,14,8,6,,,
"Jan 17, 2023 10:00 PM",6,3,3,0,0,0,5,1,4,0,0,0,2539,1112,1427,,,,12,9,3,,,
"Jan 17, 2023 11:00 PM",2,1,1,2,1,1,1,0,1,0,0,0,1436,376,1060,,,,3,2,1,,,
"Jan 18, 2023 12:00 AM",0,0,0,0,0,0,0,0,0,0,0,0,1318,492,826,,,,3,3,0,,,
"Jan 18, 2023 1:00 AM",0,0,0,0,0,0,1,0,1,0,0,0,338,164,174,,,,0,0,0,,,
"Jan 18, 2023 2:00 AM",1,0,1,0,0,0,0,0,0,0,0,0,50,38,12,,,,0,0,0,,,
"Jan 18, 2023 3:00 AM",0,0,0,0,0,0,0,0,0,0,0,0,607,444,163,,,,0,0,0,,,
"Jan 18, 2023 4:00 AM",0,0,0,0,0,0,0,0,0,0,0,0,761,484,277,,,,0,0,0,,,
"Jan 18, 2023 5:00 AM",4,1,3,0,0,0,0,0,0,0,0,0,150,119,31,,,,7,3,4,,,
"Jan 18, 2023 6:00 AM",30,14,16,7,5,2,5,4,1,0,0,0,502,286,216,,,,5,4,1,,,
"Jan 18, 2023 7:00 AM",44,26,18,21,9,12,19,4,15,0,0,0,1327,545,782,,,,25,7,18,,,
"Jan 18, 2023 8:00 AM",52,24,28,37,9,28,11,3,8,0,0,0,1776,682,1094,,,,113,82,31,,,
"Jan 18, 2023 9:00 AM",88,53,35,27,17,10,13,10,3,0,0,0,1335,523,812,,,,50,25,25,,,
"Jan 18, 2023 10:00 AM",79,52,27,24,15,9,16,12,4,0,0,0,1088,496,592,,,,33,17,16,,,
"Jan 18, 2023 11:00 AM",110,55,55,25,10,15,25,11,14,0,0,0,866,393,473,,,,34,15,19,,,
"Jan 18, 2023 12:00 PM",85,51,34,29,18,11,34,13,21,0,0,0,900,382,518,,,,34,19,15,,,
"Jan 18, 2023 1:00 PM",106,54,52,27,15,12,25,17,8,0,0,0,1669,719,950,,,,59,29,30,,,
"Jan 18, 2023 2:00 PM",89,43,46,14,9,5,21,11,10,0,0,0,970,463,507,,,,52,20,32,,,
"Jan 18, 2023 3:00 PM",73,36,37,34,18,16,25,17,8,0,0,0,1049,448,601,,,,95,23,72,,,
"Jan 18, 2023 4:00 PM",87,46,41,16,6,10,30,20,10,0,0,0,1226,527,699,,,,47,17,30,,,
"Jan 18, 2023 5:00 PM",55,26,29,34,17,17,37,25,12,0,0,0,1992,804,1188,,,,80,40,40,,,
"Jan 18, 2023 6:00 PM",74,38,36,49,29,20,35,19,16,0,0,0,1622,626,996,,,,67,36,31,,,
"Jan 18, 2023 7:00 PM",81,49,32,28,17,11,32,21,11,0,0,0,1217,538,679,,,,52,29,23,,,
"Jan 18, 2023 8:00 PM",65,38,27,19,13,6,9,5,4,0,0,0,1212,502,710,,,,24,14,10,,,
"Jan 18, 2023 9:00 PM",38,22,16,6,4,2,11,3,8,0,0,0,1403,513,890,,,,14,6,8,,,
"Jan 18, 2023 10:00 PM",14,7,7,8,4,4,7,3,4,0,0,0,1166,475,691,,,,14,5,9,,,
"Jan 18, 2023 11:00 PM",8,7,1,1,0,1,2,1,1,0,0,0,1436,568,868,,,,10,6,4,,,
"Jan 19, 2023 12:00 AM",0,0,0,1,0,1,3,2,1,0,0,0,456,212,244,,,,6,5,1,,,
"Jan 19, 2023 1:00 AM",0,0,0,1,1,0,0,0,0,0,0,0,44,21,23,,,,1,0,1,,,
"Jan 19, 2023 2:00 AM",0,0,0,2,1,1,0,0,0,0,0,0,25,14,11,,,,0,0,0,,,
"Jan 19, 2023 3:00 AM",2,2,0,0,0,0,0,0,0,0,0,0,16,12,4,,,,1,1,0,,,
"Jan 19, 2023 4:00 AM",0,0,0,0,0,0,0,0,0,0,0,0,125,93,32,,,,2,2,0,,,
"Jan 19, 2023 5:00 AM",2,0,2,0,0,0,0,0,0,0,0,0,259,138,121,,,,6,3,3,,,
"Jan 19, 2023 6:00 AM",29,11,18,6,3,3,7,3,4,0,0,0,510,252,258,,,,4,3,1,,,
"Jan 19, 2023 7:00 AM",44,22,22,20,7,13,10,3,7,0,0,0,928,376,552,,,,23,8,15,,,
"Jan 19, 2023 8:00 AM",71,33,38,36,16,20,22,11,11,0,0,0,1522,582,940,,,,115,84,31,,,
"Jan 19, 2023 9:00 AM",80,48,32,22,16,6,21,10,11,0,0,0,1265,552,713,,,,46,27,19,,,
"Jan 19, 2023 10:00 AM",128,68,60,36,20,16,28,19,9,0,0,0,633,316,317,,,,28,12,16,,,
"Jan 19, 2023 11:00 AM",124,76,48,35,10,25,17,10,7,0,0,0,875,421,454,,,,38,16,22,,,
"Jan 19, 2023 12:00 PM",151,88,63,46,35,11,41,24,17,0,0,0,954,438,516,,,,37,16,21,,,
"Jan 19, 2023 1:00 PM",191,100,91,50,22,28,44,23,21,0,0,0,1517,627,890,,,,61,23,38,,,
"Jan 19, 2023 2:00 PM",185,102,83,41,18,23,33,14,19,0,0,0,757,305,452,,,,90,35,55,,,
"Jan 19, 2023 3:00 PM",119,73,46,55,28,27,31,20,11,0,0,0,1181,479,702,,,,109,18,91,,,
"Jan 19, 2023 4:00 PM",102,66,36,33,24,9,19,11,8,0,0,0,1434,520,914,,,,66,29,37,,,
"Jan 19, 2023 5:00 PM",110,66,44,47,28,19,44,26,18,0,0,0,1567,616,951,,,,73,33,40,,,
"Jan 19, 2023 6:00 PM",81,45,36,33,23,10,27,17,10,0,0,0,1134,487,647,,,,68,40,28,,,
"Jan 19, 2023 7:00 PM",85,47,38,28,17,11,24,16,8,0,0,0,1283,513,770,,,,44,18,26,,,
"Jan 19, 2023 8:00 PM",59,35,24,27,11,16,29,18,11,0,0,0,1212,448,764,,,,39,15,24,,,
"Jan 19, 2023 9:00 PM",33,19,14,7,1,6,6,4,2,0,0,0,1380,659,721,,,,15,6,9,,,
"Jan 19, 2023 10:00 PM",7,3,4,3,1,2,3,2,1,0,0,0,1538,662,876,,,,13,8,5,,,
"Jan 19, 2023 11:00 PM",7,5,2,5,2,3,0,0,0,0,0,0,1804,720,1084,,,,5,4,1,,,
"Jan 20, 2023 12:00 AM",1,0,1,0,0,0,0,0,0,0,0,0,1124,469,655,,,,7,7,0,,,
"Jan 20, 2023 1:00 AM",0,0,0,0,0,0,0,0,0,0,0,0,180,136,44,,,,8,4,4,,,
"Jan 20, 2023 2:00 AM",0,0,0,0,0,0,3,2,1,0,0,0,573,522,51,,,,0,0,0,,,
"Jan 20, 2023 3:00 AM",0,0,0,0,0,0,0,0,0,0,0,0,426,362,64,,,,8,2,6,,,
"Jan 20, 2023 4:00 AM",0,0,0,1,1,0,0,0,0,0,0,0,207,166,41,,,,1,0,1,,,
"Jan 20, 2023 5:00 AM",2,1,1,0,0,0,0,0,0,0,0,0,150,86,64,,,,2,1,1,,,
"Jan 20, 2023 6:00 AM",25,9,16,7,4,3,8,4,4,0,0,0,210,111,99,,,,4,3,1,,,
"Jan 20, 2023 7:00 AM",39,26,13,23,10,13,9,3,6,0,0,0,837,310,527,,,,26,11,15,,,
"Jan 20, 2023 8:00 AM",88,51,37,20,7,13,16,7,9,0,0,0,1518,659,859,,,,108,79,29,,,
"Jan 20, 2023 9:00 AM",93,47,46,31,13,18,16,8,8,0,0,0,776,317,459,,,,45,23,22,,,
"Jan 20, 2023 10:00 AM",150,86,64,46,25,21,21,5,16,0,0,0,593,266,327,,,,30,16,14,,,
"Jan 20, 2023 11:00 AM",175,82,93,48,24,24,24,12,12,0,0,0,646,283,363,,,,32,19,13,,,
"Jan 20, 2023 12:00 PM",162,99,63,54,29,25,46,25,21,0,0,0,846,382,464,,,,40,21,19,,,
"Jan 20, 2023 1:00 PM",192,113,79,64,35,29,51,28,23,0,0,0,969,472,497,,,,119,24,95,,,
"Jan 20, 2023 2:00 PM",169,89,80,54,26,28,44,17,27,0,0,0,687,309,378,,,,105,46,59,,,
"Jan 20, 2023 3:00 PM",167,91,76,52,32,20,28,13,15,0,0,0,692,285,407,,,,54,25,29,,,
"Jan 20, 2023 4:00 PM",116,67,49,44,20,24,17,10,7,0,0,0,1274,451,823,,,,75,31,44,,,
"Jan 20, 2023 5:00 PM",148,83,65,51,32,19,44,22,22,0,0,0,874,351,523,,,,69,39,30,,,
"Jan 20, 2023 6:00 PM",86,42,44,34,18,16,28,13,15,0,0,0,1367,498,869,,,,62,23,39,,,
"Jan 20, 2023 7:00 PM",64,40,24,26,13,13,27,15,12,0,0,0,998,418,580,,,,58,33,25,,,
"Jan 20, 2023 8:00 PM",53,32,21,18,9,9,19,9,10,0,0,0,855,333,522,,,,39,19,20,,,
"Jan 20, 2023 9:00 PM",39,25,14,13,8,5,18,11,7,0,0,0,1265,378,887,,,,36,17,19,,,
"Jan 20, 2023 10:00 PM",22,11,11,11,3,8,13,4,9,0,0,0,1168,516,652,,,,22,6,16,,,
"Jan 20, 2023 11:00 PM",9,5,4,5,3,2,2,0,2,0,0,0,929,250,679,,,,8,4,4,,,
"Jan 21, 2023 12:00 AM",0,0,0,0,0,0,2,0,2,0,0,0,426,117,309,,,,14,5,9,,,
"Jan 21, 2023 1:00 AM",6,5,1,2,2,0,4,3,1,0,0,0,409,167,242,,,,12,6,6,,,
"Jan 21, 2023 2:00 AM",0,0,0,0,0,0,1,1,0,0,0,0,42,23,19,,,,15,6,9,,,
"Jan 21, 2023 3:00 AM",0,0,0,1,1,0,0,0,0,0,0,0,112,80,32,,,,2,2,0,,,
"Jan 21, 2023 4:00 AM",0,0,0,0,0,0,1,0,1,0,0,0,35,12,23,,,,3,1,2,,,
"Jan 21, 2023 5:00 AM",2,2,0,2,0,2,2,0,2,0,0,0,6,3,3,,,,2,2,0,,,
"Jan 21, 2023 6:00 AM",11,3,8,1,1,0,4,2,2,0,0,0,98,24,74,,,,2,0,2,,,
"Jan 21, 2023 7:00 AM",44,27,17,15,9,6,8,6,2,0,0,0,173,68,105,,,,3,3,0,,,
"Jan 21, 2023 8:00 AM",115,53,62,27,16,11,35,22,13,0,0,0,406,167,239,,,,20,10,10,,,
"Jan 21, 2023 9:00 AM",131,73,58,46,22,24,35,19,16,0,0,0,480,206,274,,,,39,15,24,,,
"Jan 21, 2023 10:00 AM",179,100,79,56,24,32,41,23,18,0,0,0,581,209,372,,,,51,26,25,,,
"Jan 21, 2023 11:00 AM",220,119,101,65,38,27,45,31,14,0,0,0,645,274,371,,,,37,14,23,,,
"Jan 21, 2023 12:00 PM",196,102,94,75,42,33,53,32,21,0,0,0,756,286,470,,,,39,24,15,,,
"Jan 21, 2023 1:00 PM",220,143,77,63,31,32,49,27,22,0,0,0,843,330,513,,,,41,15,26,,,
"Jan 21, 2023 2:00 PM",177,86,91,71,35,36,48,32,16,0,0,0,864,303,561,,,,40,19,21,,,
"Jan 21, 2023 3:00 PM",205,118,87,64,34,30,37,17,20,0,0,0,726,325,401,,,,49,23,26,,,
"Jan 21, 2023 4:00 PM",146,82,64,47,25,22,34,17,17,0,0,0,705,282,423,,,,41,24,17,,,
"Jan 21, 2023 5:00 PM",128,68,60,32,19,13,35,16,19,0,0,0,938,334,604,,,,61,25,36,,,
"Jan 21, 2023 6:00 PM",67,41,26,23,14,9,40,18,22,0,0,0,831,304,527,,,,34,8,26,,,
"Jan 21, 2023 7:00 PM",69,32,37,22,9,13,25,8,17,0,0,0,623,201,422,,,,37,20,17,,,
"Jan 21, 2023 8:00 PM",43,29,14,10,4,6,28,11,17,0,0,0,1036,457,579,,,,16,3,13,,,
"Jan 21, 2023 9:00 PM",29,14,15,8,3,5,13,12,1,0,0,0,882,335,547,,,,15,11,4,,,
"Jan 21, 2023 10:00 PM",25,15,10,5,4,1,12,7,5,0,0,0,939,390,549,,,,13,3,10,,,
"Jan 21, 2023 11:00 PM",10,7,3,0,0,0,2,1,1,0,0,0,924,380,544,,,,6,2,4,,,
"Jan 22, 2023 12:00 AM",0,0,0,0,0,0,1,0,1,0,0,0,722,198,524,,,,16,10,6,,,
"Jan 22, 2023 1:00 AM",5,2,3,0,0,0,1,0,1,0,0,0,385,111,274,,,,7,6,1,,,
"Jan 22, 2023 2:00 AM",2,1,1,2,0,2,0,0,0,0,0,0,82,38,44,,,,14,5,9,,,
"Jan 22, 2023 3:00 AM",0,0,0,0,0,0,0,0,0,0,0,0,140,34,106,,,,7,3,4,,,
"Jan 22, 2023 4:00 AM",0,0,0,0,0,0,0,0,0,0,0,0,22,13,9,,,,9,5,4,,,
"Jan 22, 2023 5:00 AM",1,1,0,0,0,0,0,0,0,0,0,0,35,8,27,,,,0,0,0,,,
"Jan 22, 2023 6:00 AM",4,2,2,2,0,2,5,3,2,0,0,0,97,16,81,,,,3,2,1,,,
"Jan 22, 2023 7:00 AM",32,20,12,6,3,3,9,6,3,0,0,0,212,86,126,,,,2,2,0,,,
"Jan 22, 2023 8:00 AM",39,13,26,12,9,3,10,4,6,0,0,0,312,115,197,,,,12,7,5,,,
"Jan 22, 2023 9:00 AM",98,49,49,49,27,22,19,10,9,0,0,0,386,164,222,,,,23,9,14,,,
"Jan 22, 2023 10:00 AM",186,92,94,81,53,28,54,30,24,0,0,0,393,183,210,,,,54,22,32,,,
"Jan 22, 2023 11:00 AM",303,170,133,112,55,57,73,40,33,0,0,0,559,200,359,,,,40,27,13,,,
"Jan 22, 2023 12:00 PM",332,184,148,84,47,37,63,28,35,0,0,0,428,181,247,,,,53,20,33,,,
"Jan 22, 2023 1:00 PM",300,165,135,68,41,27,51,36,15,0,0,0,539,204,335,,,,60,36,24,,,
"Jan 22, 2023 2:00 PM",372,244,128,75,36,39,80,35,45,0,0,0,615,255,360,,,,49,20,29,,,
"Jan 22, 2023 3:00 PM",448,278,170,60,32,28,58,34,24,0,0,0,997,420,577,,,,52,26,26,,,
"Jan 22, 2023 4:00 PM",335,193,142,61,40,21,45,27,18,0,0,0,581,237,344,,,,38,24,14,,,
"Jan 22, 2023 5:00 PM",229,126,103,64,30,34,47,20,27,0,0,0,649,256,393,,,,31,15,16,,,
"Jan 22, 2023 6:00 PM",96,57,39,42,34,8,24,8,16,0,0,0,769,306,463,,,,41,23,18,,,
"Jan 22, 2023 7:00 PM",83,38,45,14,8,6,31,18,13,0,0,0,617,218,399,,,,31,12,19,,,
"Jan 22, 2023 8:00 PM",51,40,11,76,20,56,20,9,11,0,0,0,683,267,416,,,,23,13,10,,,
"Jan 22, 2023 9:00 PM",27,13,14,8,4,4,9,4,5,0,0,0,499,234,265,,,,22,14,8,,,
"Jan 22, 2023 10:00 PM",15,5,10,4,2,2,8,5,3,0,0,0,743,347,396,,,,5,2,3,,,
"Jan 22, 2023 11:00 PM",5,3,2,1,0,1,4,1,3,0,0,0,661,190,471,,,,8,3,5,,,
"Jan 23, 2023 12:00 AM",0,0,0,0,0,0,0,0,0,0,0,0,339,165,174,,,,5,5,0,,,
"Jan 23, 2023 1:00 AM",0,0,0,0,0,0,3,2,1,0,0,0,311,98,213,,,,4,3,1,,,
"Jan 23, 2023 2:00 AM",0,0,0,0,0,0,0,0,0,0,0,0,4,1,3,,,,0,0,0,,,
"Jan 23, 2023 3:00 AM",0,0,0,0,0,0,0,0,0,0,0,0,36,15,21,,,,1,1,0,,,
"Jan 23, 2023 4:00 AM",0,0,0,0,0,0,0,0,0,0,0,0,55,33,22,,,,0,0,0,,,
"Jan 23, 2023 5:00 AM",3,1,2,0,0,0,0,0,0,0,0,0,228,49,179,,,,3,1,2,,,
"Jan 23, 2023 6:00 AM",34,16,18,8,4,4,9,5,4,0,0,0,235,86,149,,,,4,2,2,,,
"Jan 23, 2023 7:00 AM",56,22,34,25,9,16,16,8,8,0,0,0,567,208,359,,,,31,12,19,,,
"Jan 23, 2023 8:00 AM",87,42,45,32,6,26,29,16,13,0,0,0,978,344,634,,,,129,98,31,,,
"Jan 23, 2023 9:00 AM",104,48,56,24,17,7,31,18,13,0,0,0,575,275,300,,,,71,20,51,,,
"Jan 23, 2023 10:00 AM",96,44,52,40,17,23,24,13,11,0,0,0,610,261,349,,,,33,15,18,,,
"Jan 23, 2023 11:00 AM",135,73,62,25,11,14,32,17,15,0,0,0,566,264,302,,,,49,27,22,,,
"Jan 23, 2023 12:00 PM",152,79,73,53,29,24,31,10,21,0,0,0,588,215,373,,,,58,22,36,,,
"Jan 23, 2023 1:00 PM",189,103,86,55,36,19,65,41,24,0,0,0,815,354,461,,,,69,29,40,,,
"Jan 23, 2023 2:00 PM",136,76,60,27,11,16,22,9,13,0,0,0,875,319,556,,,,54,23,31,,,
"Jan 23, 2023 3:00 PM",103,56,47,35,22,13,18,9,9,0,0,0,599,222,377,,,,88,19,69,,,
"Jan 23, 2023 4:00 PM",101,59,42,26,15,11,26,16,10,0,0,0,892,318,574,,,,88,36,52,,,
"Jan 23, 2023 5:00 PM",109,53,56,58,37,21,50,30,20,0,0,0,1070,379,691,,,,95,47,48,,,
"Jan 23, 2023 6:00 PM",131,68,63,71,42,29,44,32,12,0,0,0,1013,370,643,,,,88,30,58,,,
"Jan 23, 2023 7:00 PM",139,76,63,50,26,24,31,15,16,0,0,0,625,276,349,,,,63,35,28,,,
"Jan 23, 2023 8:00 PM",123,76,47,44,20,24,39,21,18,0,0,0,958,390,568,,,,46,22,24,,,
"Jan 23, 2023 9:00 PM",69,44,25,22,10,12,15,8,7,0,0,0,536,210,326,,,,19,9,10,,,
"Jan 23, 2023 10:00 PM",22,15,7,5,3,2,3,2,1,0,0,0,628,266,362,,,,13,8,5,,,
"Jan 23, 2023 11:00 PM",4,3,1,2,1,1,3,2,1,0,0,0,1142,469,673,,,,3,2,1,,,
"Jan 24, 2023 12:00 AM",0,0,0,0,0,0,3,2,1,0,0,0,222,57,165,,,,7,4,3,,,
"Jan 24, 2023 1:00 AM",0,0,0,0,0,0,0,0,0,0,0,0,53,22,31,,,,0,0,0,,,
"Jan 24, 2023 2:00 AM",0,0,0,0,0,0,3,2,1,0,0,0,4,3,1,,,,2,1,1,,,
"Jan 24, 2023 3:00 AM",4,4,0,0,0,0,0,0,0,0,0,0,0,0,0,,,,0,0,0,,,
"Jan 24, 2023 4:00 AM",3,1,2,0,0,0,0,0,0,0,0,0,33,16,17,,,,2,2,0,,,
"Jan 24, 2023 5:00 AM",9,2,7,3,2,1,0,0,0,0,0,0,25,11,14,,,,6,3,3,,,
"Jan 24, 2023 6:00 AM",43,24,19,10,5,5,9,7,2,0,0,0,86,37,49,,,,4,2,2,,,
"Jan 24, 2023 7:00 AM",53,29,24,25,8,17,24,14,10,0,0,0,793,291,502,,,,35,14,21,,,
"Jan 24, 2023 8:00 AM",132,69,63,41,13,28,22,9,13,0,0,0,1234,488,746,,,,110,83,27,,,
"Jan 24, 2023 9:00 AM",109,53,56,30,10,20,19,10,9,0,0,0,935,361,574,,,,59,26,33,,,
"Jan 24, 2023 10:00 AM",109,66,43,29,16,13,24,12,12,0,0,0,504,228,276,,,,54,30,24,,,
"Jan 24, 2023 11:00 AM",163,86,77,48,17,31,40,20,20,0,0,0,923,424,499,,,,44,22,22,,,
"Jan 24, 2023 12:00 PM",241,140,101,51,26,25,50,19,31,0,0,0,1258,558,700,,,,98,58,40,,,
"Jan 24, 2023 1:00 PM",250,127,123,52,20,32,54,26,28,0,0,0,1293,517,776,,,,68,38,30,,,
"Jan 24, 2023 2:00 PM",198,99,99,55,27,28,32,20,12,0,0,0,1046,447,599,,,,71,30,41,,,
"Jan 24, 2023 3:00 PM",203,125,78,49,23,26,21,13,8,0,0,0,918,339,579,,,,102,23,79,,,
"Jan 24, 2023 4:00 PM",156,85,71,30,17,13,35,17,18,0,0,0,1127,385,742,,,,90,36,54,,,
"Jan 24, 2023 5:00 PM",135,78,57,55,35,20,47,29,18,0,0,0,1051,388,663,,,,85,35,50,,,
"Jan 24, 2023 6:00 PM",110,64,46,65,34,31,54,30,24,0,0,0,928,326,602,,,,89,53,36,,,
"Jan 24, 2023 7:00 PM",144,80,64,71,33,38,67,34,33,0,0,0,775,325,450,,,,71,39,32,,,
"Jan 24, 2023 8:00 PM",131,77,54,47,13,34,27,9,18,0,0,0,1099,471,628,,,,45,18,27,,,
"Jan 24, 2023 9:00 PM",75,40,35,25,10,15,19,8,11,0,0,0,823,283,540,,,,22,6,16,,,
"Jan 24, 2023 10:00 PM",24,14,10,9,5,4,6,3,3,0,0,0,977,423,554,,,,6,4,2,,,
"Jan 24, 2023 11:00 PM",6,4,2,0,0,0,7,1,6,0,0,0,361,133,228,,,,4,2,2,,,
"Jan 25, 2023 12:00 AM",0,0,0,0,0,0,0,0,0,0,0,0,275,90,185,,,,3,3,0,,,
"Jan 25, 2023 1:00 AM",0,0,0,0,0,0,0,0,0,0,0,0,59,32,27,,,,0,0,0,,,
"Jan 25, 2023 2:00 AM",0,0,0,0,0,0,1,1,0,0,0,0,12,5,7,,,,2,1,1,,,
"Jan 25, 2023 3:00 AM",0,0,0,1,0,1,0,0,0,0,0,0,23,7,16,,,,1,1,0,,,
"Jan 25, 2023 4:00 AM",0,0,0,0,0,0,0,0,0,0,0,0,16,4,12,,,,0,0,0,,,
"Jan 25, 2023 5:00 AM",2,1,1,0,0,0,0,0,0,0,0,0,16,8,8,,,,5,2,3,,,
"Jan 25, 2023 6:00 AM",46,20,26,10,5,5,14,9,5,0,0,0,241,113,128,,,,4,2,2,,,
"Jan 25, 2023 7:00 AM",69,37,32,23,5,18,20,9,11,0,0,0,960,375,585,,,,32,14,18,,,
"Jan 25, 2023 8:00 AM",90,46,44,37,14,23,23,8,15,0,0,0,1162,420,742,,,,132,95,37,,,
"Jan 25, 2023 9:00 AM",86,42,44,20,17,3,19,8,11,0,0,0,901,422,479,,,,45,24,21,,,
"Jan 25, 2023 10:00 AM",92,57,35,31,10,21,24,14,10,0,0,0,961,445,516,,,,32,14,18,,,
"Jan 25, 2023 11:00 AM",94,46,48,19,13,6,19,10,9,0,0,0,846,376,470,,,,46,25,21,,,
"Jan 25, 2023 12:00 PM",74,38,36,26,17,9,21,13,8,0,0,0,482,217,265,,,,50,18,32,,,
"Jan 25, 2023 1:00 PM",128,68,60,41,24,17,41,20,21,0,0,0,992,438,554,,,,51,26,25,,,
"Jan 25, 2023 2:00 PM",109,56,53,23,10,13,26,12,14,0,0,0,782,355,427,,,,80,28,52,,,
"Jan 25, 2023 3:00 PM",127,56,71,34,21,13,16,8,8,0,0,0,888,346,542,,,,96,26,70,,,
"Jan 25, 2023 4:00 PM",108,62,46,41,23,18,25,18,7,0,0,0,1106,440,666,,,,77,27,50,,,
"Jan 25, 2023 5:00 PM",92,49,43,36,20,16,33,19,14,0,0,0,1360,517,843,,,,78,30,48,,,
"Jan 25, 2023 6:00 PM",109,52,57,45,23,22,44,25,19,0,0,0,1109,460,649,,,,60,30,30,,,
"Jan 25, 2023 7:00 PM",110,59,51,35,19,16,25,9,16,0,0,0,854,353,501,,,,53,30,23,,,
"Jan 25, 2023 8:00 PM",107,66,41,38,23,15,41,26,15,0,0,0,797,279,518,,,,25,10,15,,,
"Jan 25, 2023 9:00 PM",52,24,28,12,6,6,12,6,6,0,0,0,721,256,465,,,,17,6,11,,,
"Jan 25, 2023 10:00 PM",16,11,5,5,4,1,7,5,2,0,0,0,610,211,399,,,,20,9,11,,,
"Jan 25, 2023 11:00 PM",4,2,2,1,0,1,0,0,0,0,0,0,427,153,274,,,,1,1,0,,,
"Jan 26, 2023 12:00 AM",0,0,0,0,0,0,1,0,1,0,0,0,46,17,29,,,,3,2,1,,,
"Jan 26, 2023 1:00 AM",2,0,2,0,0,0,3,1,2,0,0,0,10,3,7,,,,5,4,1,,,
"Jan 26, 2023 2:00 AM",0,0,0,0,0,0,0,0,0,0,0,0,4,4,0,,,,3,3,0,,,
"Jan 26, 2023 3:00 AM",0,0,0,0,0,0,0,0,0,0,0,0,35,8,27,,,,0,0,0,,,
"Jan 26, 2023 4:00 AM",0,0,0,0,0,0,0,0,0,0,0,0,19,8,11,,,,1,1,0,,,
"Jan 26, 2023 5:00 AM",7,1,6,2,2,0,0,0,0,0,0,0,127,48,79,,,,5,3,2,,,
"Jan 26, 2023 6:00 AM",36,19,17,7,4,3,14,10,4,0,0,0,432,174,258,,,,7,2,5,,,
"Jan 26, 2023 7:00 AM",57,28,29,21,9,12,23,12,11,0,0,0,1657,609,1048,,,,35,10,25,,,
"Jan 26, 2023 8:00 AM",96,49,47,35,13,22,30,13,17,0,0,0,1591,566,1025,,,,143,106,37,,,
"Jan 26, 2023 9:00 AM",86,45,41,16,8,8,21,14,7,0,0,0,1027,464,563,,,,46,25,21,,,
"Jan 26, 2023 10:00 AM",117,61,56,30,10,20,31,19,12,0,0,0,889,383,506,,,,48,24,24,,,
"Jan 26, 2023 11:00 AM",118,64,54,22,12,10,17,7,10,0,0,0,740,340,400,,,,31,16,15,,,
"Jan 26, 2023 12:00 PM",118,67,51,54,31,23,30,15,15,0,0,0,845,345,500,,,,43,14,29,,,
"Jan 26, 2023 1:00 PM",175,111,64,52,30,22,39,17,22,0,0,0,1117,445,672,,,,61,28,33,,,
"Jan 26, 2023 2:00 PM",136,70,66,54,31,23,36,18,18,0,0,0,1003,421,582,,,,79,22,57,,,
"Jan 26, 2023 3:00 PM",199,114,85,28,18,10,22,10,12,0,0,0,763,307,456,,,,108,23,85,,,
"Jan 26, 2023 4:00 PM",111,69,42,45,24,21,28,16,12,0,0,0,1212,404,808,,,,58,32,26,,,
"Jan 26, 2023 5:00 PM",112,62,50,44,24,20,49,26,23,0,0,0,1277,499,778,,,,70,38,32,,,
"Jan 26, 2023 6:00 PM",92,56,36,47,29,18,52,24,28,0,0,0,939,352,587,,,,93,52,41,,,
"Jan 26, 2023 7:00 PM",96,46,50,26,10,16,21,12,9,0,0,0,904,238,666,,,,52,24,28,,,
"Jan 26, 2023 8:00 PM",108,68,40,41,29,12,23,12,11,0,0,0,585,177,408,,,,48,20,28,,,
"Jan 26, 2023 9:00 PM",52,25,27,7,3,4,23,11,12,0,0,0,675,209,466,,,,28,12,16,,,
"Jan 26, 2023 10:00 PM",27,16,11,9,5,4,9,5,4,0,0,0,680,223,457,,,,11,6,5,,,
"Jan 26, 2023 11:00 PM",5,1,4,2,1,1,3,1,2,0,0,0,777,223,554,,,,7,6,1,,,
"Jan 27, 2023 12:00 AM",0,0,0,0,0,0,2,1,1,0,0,0,76,25,51,,,,10,7,3,,,
"Jan 27, 2023 1:00 AM",0,0,0,1,1,0,1,1,0,0,0,0,158,73,85,,,,1,1,0,,,
"Jan 27, 2023 2:00 AM",0,0,0,0,0,0,0,0,0,0,0,0,88,59,29,,,,0,0,0,,,
"Jan 27, 2023 3:00 AM",1,1,0,0,0,0,2,1,1,0,0,0,160,97,63,,,,2,1,1,,,
"Jan 27, 2023 4:00 AM",0,0,0,0,0,0,0,0,0,0,0,0,109,54,55,,,,0,0,0,,,
"Jan 27, 2023 5:00 AM",8,2,6,1,1,0,0,0,0,0,0,0,178,86,92,,,,4,2,2,,,
"Jan 27, 2023 6:00 AM",57,25,32,9,7,2,12,7,5,0,0,0,297,125,172,,,,5,3,2,,,
"Jan 27, 2023 7:00 AM",69,41,28,30,12,18,15,8,7,0,0,0,890,305,585,,,,28,10,18,,,
"Jan 27, 2023 8:00 AM",92,52,40,37,17,20,27,15,12,0,0,0,1282,487,795,,,,104,79,25,,,
"Jan 27, 2023 9:00 AM",107,66,41,33,19,14,20,8,12,0,0,0,784,319,465,,,,45,19,26,,,
"Jan 27, 2023 10:00 AM",140,78,62,39,17,22,25,9,16,0,0,0,616,288,328,,,,39,17,22,,,
"Jan 27, 2023 11:00 AM",151,78,73,42,23,19,41,22,19,0,0,0,915,387,528,,,,49,22,27,,,
"Jan 27, 2023 12:00 PM",138,84,54,48,23,25,33,19,14,0,0,0,627,256,371,,,,47,19,28,,,
"Jan 27, 2023 1:00 PM",131,57,74,37,21,16,39,21,18,0,0,0,1253,518,735,,,,119,29,90,,,
"Jan 27, 2023 2:00 PM",115,59,56,35,19,16,36,23,13,0,0,0,890,389,501,,,,79,29,50,,,
"Jan 27, 2023 3:00 PM",101,59,42,33,21,12,21,4,17,0,0,0,721,292,429,,,,66,30,36,,,
"Jan 27, 2023 4:00 PM",122,72,50,38,22,16,34,16,18,0,0,0,902,369,533,,,,77,39,38,,,
"Jan 27, 2023 5:00 PM",101,56,45,69,51,18,36,19,17,0,0,0,1075,402,673,,,,78,25,53,,,
"Jan 27, 2023 6:00 PM",112,58,54,44,25,19,33,17,16,0,0,0,797,248,549,,,,53,25,28,,,
"Jan 27, 2023 7:00 PM",89,49,40,73,19,54,41,22,19,0,0,0,619,267,352,,,,59,23,36,,,
"Jan 27, 2023 8:00 PM",58,34,24,27,12,15,10,8,2,0,0,0,624,242,382,,,,45,24,21,,,
"Jan 27, 2023 9:00 PM",30,9,21,17,6,11,8,3,5,0,0,0,505,205,300,,,,32,11,21,,,
"Jan 27, 2023 10:00 PM",54,32,22,10,4,6,10,3,7,0,0,0,510,234,276,,,,12,9,3,,,
"Jan 27, 2023 11:00 PM",6,2,4,4,3,1,5,2,3,0,0,0,428,187,241,,,,27,13,14,,,
"Jan 28, 2023 12:00 AM",0,0,0,0,0,0,2,1,1,0,0,0,434,204,230,,,,13,5,8,,,
"Jan 28, 2023 1:00 AM",10,9,1,1,0,1,5,4,1,0,0,0,268,102,166,,,,12,9,3,,,
"Jan 28, 2023 2:00 AM",0,0,0,0,0,0,2,0,2,0,0,0,63,32,31,,,,9,4,5,,,
"Jan 28, 2023 3:00 AM",1,1,0,0,0,0,0,0,0,0,0,0,83,16,67,,,,2,2,0,,,
"Jan 28, 2023 4:00 AM",4,3,1,0,0,0,1,1,0,0,0,0,107,45,62,,,,6,1,5,,,
"Jan 28, 2023 5:00 AM",2,2,0,0,0,0,0,0,0,0,0,0,14,9,5,,,,2,1,1,,,
"Jan 28, 2023 6:00 AM",13,4,9,7,4,3,3,2,1,0,0,0,160,89,71,,,,3,3,0,,,
"Jan 28, 2023 7:00 AM",34,14,20,15,7,8,10,8,2,0,0,0,166,76,90,,,,9,2,7,,,
"Jan 28, 2023 8:00 AM",54,33,21,52,28,24,37,16,21,0,0,0,442,185,257,,,,22,10,12,,,
"Jan 28, 2023 9:00 AM",132,66,66,53,27,26,49,29,20,0,0,0,401,183,218,,,,36,13,23,,,
"Jan 28, 2023 10:00 AM",162,92,70,60,26,34,48,24,24,0,0,0,568,244,324,,,,63,35,28,,,
"Jan 28, 2023 11:00 AM",170,87,83,46,22,24,47,28,19,0,0,0,571,251,320,,,,67,33,34,,,
"Jan 28, 2023 12:00 PM",161,81,80,59,34,25,63,29,34,0,0,0,504,197,307,,,,51,25,26,,,
"Jan 28, 2023 1:00 PM",188,100,88,51,23,28,41,21,20,0,0,0,595,246,349,,,,62,31,31,,,
"Jan 28, 2023 2:00 PM",234,133,101,83,49,34,48,29,19,0,0,0,832,322,510,,,,47,25,22,,,
"Jan 28, 2023 3:00 PM",302,182,120,63,34,29,76,35,41,0,0,0,817,359,458,,,,53,22,31,,,
"Jan 28, 2023 4:00 PM",209,117,92,60,27,33,63,31,32,0,0,0,856,291,565,,,,74,36,38,,,
"Jan 28, 2023 5:00 PM",153,89,64,45,22,23,30,14,16,0,0,0,610,212,398,,,,67,38,29,,,
"Jan 28, 2023 6:00 PM",82,46,36,27,13,14,32,19,13,0,0,0,570,202,368,,,,33,9,24,,,
"Jan 28, 2023 7:00 PM",57,31,26,25,12,13,17,11,6,0,0,0,516,168,348,,,,36,10,26,,,
"Jan 28, 2023 8:00 PM",44,23,21,24,14,10,19,8,11,0,0,0,652,240,412,,,,36,11,25,,,
"Jan 28, 2023 9:00 PM",45,25,20,19,7,12,12,7,5,0,0,0,546,231,315,,,,20,14,6,,,
"Jan 28, 2023 10:00 PM",24,9,15,12,7,5,13,9,4,0,0,0,532,179,353,,,,21,12,9,,,
"Jan 28, 2023 11:00 PM",10,5,5,1,0,1,5,3,2,0,0,0,624,244,380,,,,13,4,9,,,
"Jan 29, 2023 12:00 AM",2,2,0,1,0,1,3,2,1,0,0,0,127,52,75,,,,9,8,1,,,
"Jan 29, 2023 1:00 AM",14,12,2,1,0,1,1,0,1,0,0,0,90,31,59,,,,12,12,0,,,
"Jan 29, 2023 2:00 AM",0,0,0,1,0,1,0,0,0,0,0,0,57,25,32,,,,10,8,2,,,
"Jan 29, 2023 3:00 AM",0,0,0,0,0,0,0,0,0,0,0,0,15,8,7,,,,1,0,1,,,
"Jan 29, 2023 4:00 AM",0,0,0,0,0,0,0,0,0,0,0,0,27,16,11,,,,3,2,1,,,
"Jan 29, 2023 5:00 AM",1,1,0,0,0,0,1,1,0,0,0,0,19,12,7,,,,3,1,2,,,
"Jan 29, 2023 6:00 AM",3,0,3,0,0,0,0,0,0,0,0,0,42,17,25,,,,3,2,1,,,
"Jan 29, 2023 7:00 AM",32,18,14,10,7,3,8,5,3,0,0,0,310,138,172,,,,3,1,2,,,
"Jan 29, 2023 8:00 AM",68,36,32,20,8,12,21,11,10,0,0,0,374,176,198,,,,23,16,7,,,
"Jan 29, 2023 9:00 AM",118,66,52,28,13,15,40,26,14,0,0,0,502,258,244,,,,34,19,15,,,
"Jan 29, 2023 10:00 AM",237,131,106,84,53,31,66,39,27,0,0,0,522,247,275,,,,49,20,29,,,
"Jan 29, 2023 11:00 AM",294,178,116,85,48,37,68,46,22,0,0,0,724,300,424,,,,62,33,29,,,
"Jan 29, 2023 12:00 PM",374,220,154,86,46,40,93,58,35,0,0,0,808,366,442,,,,51,25,26,,,
"Jan 29, 2023 1:00 PM",448,240,208,121,71,50,83,43,40,0,0,0,738,339,399,,,,76,36,40,,,
"Jan 29, 2023 2:00 PM",484,267,217,92,53,39,61,38,23,0,0,0,1006,521,485,,,,55,19,36,,,
"Jan 29, 2023 3:00 PM",453,262,191,85,45,40,55,27,28,0,0,0,1276,627,649,,,,53,30,23,,,
"Jan 29, 2023 4:00 PM",347,193,154,77,37,40,44,29,15,0,0,0,821,342,479,,,,41,24,17,,,
"Jan 29, 2023 5:00 PM",197,106,91,68,31,37,42,16,26,0,0,0,730,340,390,,,,47,21,26,,,
"Jan 29, 2023 6:00 PM",108,62,46,28,10,18,12,6,6,0,0,0,758,307,451,,,,54,21,33,,,
"Jan 29, 2023 7:00 PM",83,38,45,25,18,7,14,4,10,0,0,0,958,424,534,,,,24,11,13,,,
"Jan 29, 2023 8:00 PM",46,25,21,10,4,6,17,6,11,0,0,0,741,262,479,,,,21,10,11,,,
"Jan 29, 2023 9:00 PM",26,13,13,8,4,4,10,6,4,0,0,0,712,263,449,,,,9,3,6,,,
"Jan 29, 2023 10:00 PM",16,12,4,8,4,4,7,4,3,0,0,0,1009,418,591,,,,13,7,6,,,
"Jan 29, 2023 11:00 PM",4,3,1,3,1,2,6,1,5,0,0,0,1334,678,656,,,,7,3,4,,,
"Jan 30, 2023 12:00 AM",0,0,0,1,0,1,1,0,1,0,0,0,1093,548,545,,,,6,5,1,,,
"Jan 30, 2023 1:00 AM",3,2,1,0,0,0,0,0,0,0,0,0,850,555,295,,,,2,2,0,,,
"Jan 30, 2023 2:00 AM",1,0,1,0,0,0,0,0,0,0,0,0,909,557,352,,,,0,0,0,,,
"Jan 30, 2023 3:00 AM",0,0,0,0,0,0,0,0,0,0,0,0,37,24,13,,,,3,1,2,,,
"Jan 30, 2023 4:00 AM",0,0,0,0,0,0,0,0,0,0,0,0,8,4,4,,,,0,0,0,,,
"Jan 30, 2023 5:00 AM",3,1,2,0,0,0,0,0,0,0,0,0,10,5,5,,,,6,2,4,,,
"Jan 30, 2023 6:00 AM",36,12,24,8,3,5,6,4,2,0,0,0,192,68,124,,,,7,4,3,,,
"Jan 30, 2023 7:00 AM",50,30,20,19,8,11,18,8,10,0,0,0,730,264,466,,,,30,13,17,,,
"Jan 30, 2023 8:00 AM",82,42,40,28,12,16,24,14,10,0,0,0,1169,423,746,,,,108,71,37,,,
"Jan 30, 2023 9:00 AM",72,38,34,22,11,11,24,15,9,0,0,0,737,303,434,,,,43,24,19,,,
"Jan 30, 2023 10:00 AM",107,52,55,26,12,14,24,17,7,0,0,0,531,231,300,,,,39,18,21,,,
"Jan 30, 2023 11:00 AM",98,59,39,33,14,19,26,13,13,0,0,0,431,208,223,,,,40,17,23,,,
"Jan 30, 2023 12:00 PM",123,57,66,34,13,21,30,12,18,0,0,0,503,210,293,,,,68,33,35,,,
"Jan 30, 2023 1:00 PM",205,118,87,44,23,21,54,24,30,0,0,0,796,329,467,,,,56,23,33,,,
"Jan 30, 2023 2:00 PM",125,69,56,18,11,7,26,19,7,0,0,0,740,292,448,,,,76,21,55,,,
"Jan 30, 2023 3:00 PM",109,61,48,24,15,9,25,10,15,0,0,0,1214,461,753,,,,69,13,56,,,
"Jan 30, 2023 4:00 PM",100,67,33,22,12,10,25,20,5,0,0,0,1102,430,672,,,,65,18,47,,,
"Jan 30, 2023 5:00 PM",100,58,42,42,25,17,37,22,15,0,0,0,1198,475,723,,,,64,29,35,,,
"Jan 30, 2023 6:00 PM",111,54,57,50,28,22,57,33,24,0,0,0,978,360,618,,,,64,37,27,,,
"Jan 30, 2023 7:00 PM",111,66,45,49,33,16,37,24,13,0,0,0,773,354,419,,,,73,25,48,,,
"Jan 30, 2023 8:00 PM",125,67,58,47,19,28,35,18,17,0,0,0,609,260,349,,,,52,26,26,,,
"Jan 30, 2023 9:00 PM",51,31,20,10,7,3,11,5,6,0,0,0,824,410,414,,,,27,12,15,,,
"Jan 30, 2023 10:00 PM",16,12,4,11,6,5,6,1,5,0,0,0,934,453,481,,,,13,7,6,,,
"Jan 30, 2023 11:00 PM",5,3,2,2,1,1,4,2,2,0,0,0,456,133,323,,,,5,4,1,,,
"Jan 31, 2023 12:00 AM",0,0,0,0,0,0,0,0,0,0,0,0,306,138,168,,,,3,2,1,,,
"Jan 31, 2023 1:00 AM",1,1,0,2,2,0,0,0,0,0,0,0,124,47,77,,,,2,2,0,,,
"Jan 31, 2023 2:00 AM",2,2,0,1,0,1,1,1,0,0,0,0,29,14,15,,,,0,0,0,,,
"Jan 31, 2023 3:00 AM",2,0,2,1,0,1,0,0,0,0,0,0,3,2,1,,,,0,0,0,,,
"Jan 31, 2023 4:00 AM",0,0,0,1,1,0,0,0,0,0,0,0,8,4,4,,,,2,2,0,,,
"Jan 31, 2023 5:00 AM",5,2,3,1,1,0,0,0,0,0,0,0,45,18,27,,,,6,3,3,,,
"Jan 31, 2023 6:00 AM",32,17,15,10,7,3,10,5,5,0,0,0,235,88,147,,,,8,4,4,,,
"Jan 31, 2023 7:00 AM",56,29,27,25,10,15,16,11,5,0,0,0,843,322,521,,,,29,11,18,,,
"Jan 31, 2023 8:00 AM",74,45,29,36,15,21,21,9,12,0,0,0,1309,457,852,,,,107,72,35,,,
"Jan 31, 2023 9:00 AM",74,45,29,40,18,22,16,9,7,0,0,0,904,382,522,,,,45,22,23,,,
"Jan 31, 2023 10:00 AM",87,48,39,28,16,12,16,8,8,0,0,0,632,274,358,,,,51,14,37,,,
"Jan 31, 2023 11:00 AM",112,64,48,31,12,19,23,12,11,0,0,0,596,262,334,,,,43,17,26,,,
"Jan 31, 2023 12:00 PM",90,55,35,42,20,22,31,11,20,0,0,0,578,292,286,,,,63,33,30,,,
"Jan 31, 2023 1:00 PM",152,98,54,46,33,13,38,18,20,0,0,0,807,379,428,,,,73,31,42,,,
"Jan 31, 2023 2:00 PM",123,70,53,34,12,22,34,18,16,0,0,0,801,343,458,,,,73,25,48,,,
"Jan 31, 2023 3:00 PM",102,55,47,44,29,15,32,19,13,0,0,0,774,298,476,,,,86,26,60,,,
"Jan 31, 2023 4:00 PM",80,38,42,30,16,14,30,14,16,0,0,0,1000,383,617,,,,58,26,32,,,
"Jan 31, 2023 5:00 PM",109,67,42,55,35,20,45,30,15,0,0,0,1058,422,636,,,,85,46,39,,,
"Jan 31, 2023 6:00 PM",117,63,54,67,45,22,59,36,23,0,0,0,1204,460,744,,,,77,44,33,,,
"Jan 31, 2023 7:00 PM",123,74,49,61,30,31,36,16,20,0,0,0,862,391,471,,,,61,30,31,,,
"Jan 31, 2023 8:00 PM",100,55,45,30,14,16,17,11,6,0,0,0,867,289,578,,,,43,19,24,,,
"Jan 31, 2023 9:00 PM",33,22,11,13,5,8,12,6,6,0,0,0,900,311,589,,,,31,15,16,,,
"Jan 31, 2023 10:00 PM",8,2,6,6,4,2,3,1,2,0,0,0,909,291,618,,,,7,4,3,,,
"Jan 31, 2023 11:00 PM",3,3,0,0,0,0,2,1,1,0,0,0,295,117,178,,,,6,4,2,,,
"Feb 1, 2023 12:00 AM",1,1,0,0,0,0,0,0,0,0,0,0,303,85,218,,,,6,4,2,,,
"Feb 1, 2023 1:00 AM",2,1,1,0,0,0,0,0,0,0,0,0,123,56,67,,,,0,0,0,,,
"Feb 1, 2023 2:00 AM",0,0,0,0,0,0,0,0,0,0,0,0,90,29,61,,,,0,0,0,,,
"Feb 1, 2023 3:00 AM",0,0,0,0,0,0,1,0,1,0,0,0,18,11,7,,,,1,1,0,,,
"Feb 1, 2023 4:00 AM",0,0,0,0,0,0,0,0,0,0,0,0,47,24,23,,,,0,0,0,,,
"Feb 1, 2023 5:00 AM",3,2,1,1,1,0,0,0,0,0,0,0,49,21,28,,,,7,4,3,,,
"Feb 1, 2023 6:00 AM",32,13,19,8,2,6,11,8,3,0,0,0,149,76,73,,,,5,2,3,,,
"Feb 1, 2023 7:00 AM",44,22,22,24,12,12,25,11,14,0,0,0,884,326,558,,,,34,11,23,,,
"Feb 1, 2023 8:00 AM",71,36,35,32,10,22,30,12,18,0,0,0,1123,383,740,,,,105,65,40,,,
"Feb 1, 2023 9:00 AM",89,50,39,28,10,18,15,7,8,0,0,0,805,315,490,,,,55,26,29,,,
"Feb 1, 2023 10:00 AM",76,35,41,34,20,14,40,17,23,0,0,0,549,227,322,,,,36,19,17,,,
"Feb 1, 2023 11:00 AM",76,44,32,32,16,16,20,12,8,0,0,0,627,289,338,,,,41,17,24,,,
"Feb 1, 2023 12:00 PM",84,45,39,43,20,23,28,16,12,0,0,0,797,376,421,,,,40,19,21,,,
"Feb 1, 2023 1:00 PM",126,71,55,38,17,21,34,21,13,0,0,0,1073,439,634,,,,70,30,40,,,
"Feb 1, 2023 2:00 PM",104,57,47,28,14,14,18,8,10,0,0,0,789,313,476,,,,72,25,47,,,
"Feb 1, 2023 3:00 PM",100,51,49,33,17,16,16,7,9,0,0,0,744,336,408,,,,127,39,88,,,
"Feb 1, 2023 4:00 PM",92,42,50,35,21,14,35,20,15,0,0,0,913,347,566,,,,51,25,26,,,
"Feb 1, 2023 5:00 PM",117,70,47,35,16,19,37,20,17,0,0,0,1081,362,719,,,,65,38,27,,,
"Feb 1, 2023 6:00 PM",112,60,52,45,22,23,42,27,15,0,0,0,742,268,474,,,,59,30,29,,,
"Feb 1, 2023 7:00 PM",97,51,46,37,22,15,52,28,24,0,0,0,921,325,596,,,,45,19,26,,,
"Feb 1, 2023 8:00 PM",102,56,46,31,16,15,23,10,13,0,0,0,874,323,551,,,,38,16,22,,,
"Feb 1, 2023 9:00 PM",52,29,23,11,3,8,23,7,16,0,0,0,760,259,501,,,,16,7,9,,,
"Feb 1, 2023 10:00 PM",19,11,8,12,8,4,7,4,3,0,0,0,825,311,514,,,,15,6,9,,,
"Feb 1, 2023 11:00 PM",4,2,2,2,1,1,2,2,0,0,0,0,463,174,289,,,,5,3,2,,,
"Feb 2, 2023 12:00 AM",0,0,0,0,0,0,6,0,6,0,0,0,281,95,186,,,,9,8,1,,,
"Feb 2, 2023 1:00 AM",2,1,1,0,0,0,2,1,1,0,0,0,105,34,71,,,,4,2,2,,,
"Feb 2, 2023 2:00 AM",0,0,0,0,0,0,0,0,0,0,0,0,41,30,11,,,,1,1,0,,,
"Feb 2, 2023 3:00 AM",0,0,0,0,0,0,0,0,0,0,0,0,126,52,74,,,,1,1,0,,,
"Feb 2, 2023 4:00 AM",0,0,0,2,2,0,0,0,0,0,0,0,61,30,31,,,,1,1,0,,,
"Feb 2, 2023 5:00 AM",1,0,1,0,0,0,0,0,0,0,0,0,11,9,2,,,,4,2,2,,,
"Feb 2, 2023 6:00 AM",30,16,14,11,4,7,8,4,4,0,0,0,178,84,94,,,,17,8,9,,,
"Feb 2, 2023 7:00 AM",61,27,34,15,6,9,11,5,6,0,0,0,735,255,480,,,,29,13,16,,,
"Feb 2, 2023 8:00 AM",88,49,39,40,17,23,25,11,14,0,0,0,1163,422,741,,,,94,63,31,,,
"Feb 2, 2023 9:00 AM",84,43,41,19,8,11,27,15,12,0,0,0,571,253,318,,,,44,25,19,,,
"Feb 2, 2023 10:00 AM",89,53,36,23,15,8,24,15,9,0,0,0,562,266,296,,,,31,12,19,,,
"Feb 2, 2023 11:00 AM",96,52,44,28,19,9,15,6,9,0,0,0,309,114,195,,,,46,13,33,,,
"Feb 2, 2023 12:00 PM",86,44,42,37,17,20,24,11,13,0,0,0,471,177,294,,,,43,19,24,,,
"Feb 2, 2023 1:00 PM",109,57,52,33,19,14,34,22,12,0,0,0,505,195,310,,,,73,35,38,,,
"Feb 2, 2023 2:00 PM",77,49,28,30,10,20,31,9,22,0,0,0,438,169,269,,,,69,27,42,,,
"Feb 2, 2023 3:00 PM",100,54,46,25,13,12,27,13,14,0,0,0,731,279,452,,,,66,19,47,,,
"Feb 2, 2023 4:00 PM",73,50,23,24,14,10,29,14,15,0,0,0,892,320,572,,,,66,28,38,,,
"Feb 2, 2023 5:00 PM",98,57,41,36,25,11,45,22,23,0,0,0,910,332,578,,,,81,46,35,,,
"Feb 2, 2023 6:00 PM",100,59,41,39,23,16,36,22,14,0,0,0,858,321,537,,,,95,58,37,,,
"Feb 2, 2023 7:00 PM",95,50,45,34,18,16,35,19,16,0,0,0,641,238,403,,,,51,22,29,,,
"Feb 2, 2023 8:00 PM",97,61,36,21,9,12,12,7,5,0,0,0,478,187,291,,,,36,13,23,,,
"Feb 2, 2023 9:00 PM",46,31,15,18,11,7,10,6,4,0,0,0,817,261,556,,,,21,11,10,,,
"Feb 2, 2023 10:00 PM",19,7,12,9,6,3,3,0,3,0,0,0,739,308,431,,,,13,8,5,,,
"Feb 2, 2023 11:00 PM",11,8,3,2,2,0,3,1,2,0,0,0,336,123,213,,,,10,4,6,,,
"Feb 3, 2023 12:00 AM",0,0,0,1,0,1,3,1,2,0,0,0,218,82,136,,,,7,5,2,,,
"Feb 3, 2023 1:00 AM",0,0,0,2,0,2,1,0,1,0,0,0,68,22,46,,,,4,3,1,,,
"Feb 3, 2023 2:00 AM",0,0,0,1,0,1,0,0,0,0,0,0,45,13,32,,,,1,1,0,,,
"Feb 3, 2023 3:00 AM",0,0,0,1,0,1,0,0,0,0,0,0,31,14,17,,,,6,2,4,,,
"Feb 3, 2023 4:00 AM",0,0,0,0,0,0,0,0,0,0,0,0,14,8,6,,,,2,2,0,,,
"Feb 3, 2023 5:00 AM",5,1,4,0,0,0,1,0,1,0,0,0,13,9,4,,,,6,3,3,,,
"Feb 3, 2023 6:00 AM",46,23,23,10,8,2,14,9,5,0,0,0,212,87,125,,,,3,1,2,,,
"Feb 3, 2023 7:00 AM",42,24,18,24,12,12,12,6,6,0,0,0,700,238,462,,,,17,5,12,,,
"Feb 3, 2023 8:00 AM",92,50,42,43,20,23,24,12,12,0,0,0,998,403,595,,,,105,74,31,,,
"Feb 3, 2023 9:00 AM",86,47,39,31,12,19,26,16,10,0,0,0,536,225,311,,,,57,29,28,,,
"Feb 3, 2023 10:00 AM",100,56,44,33,18,15,26,17,9,0,0,0,493,217,276,,,,35,18,17,,,
"Feb 3, 2023 11:00 AM",158,77,81,23,15,8,32,18,14,0,0,0,453,213,240,,,,57,18,39,,,
"Feb 3, 2023 12:00 PM",142,75,67,70,32,38,38,22,16,0,0,0,414,176,238,,,,44,16,28,,,
"Feb 3, 2023 1:00 PM",156,90,66,57,33,24,46,30,16,2,1,1,673,295,378,,,,89,31,58,,,
"Feb 3, 2023 2:00 PM",139,76,63,35,13,22,35,15,20,0,0,0,754,302,452,,,,102,42,60,,,
"Feb 3, 2023 3:00 PM",161,94,67,59,33,26,26,13,13,0,0,0,768,295,473,,,,61,31,30,,,
"Feb 3, 2023 4:00 PM",163,103,60,36,15,21,36,11,25,0,0,0,840,293,547,,,,82,45,37,,,
"Feb 3, 2023 5:00 PM",174,79,95,65,37,28,47,25,22,0,0,0,1002,348,654,,,,73,39,34,,,
"Feb 3, 2023 6:00 PM",133,83,50,42,21,21,31,11,20,0,0,0,710,233,477,,,,72,27,45,,,
"Feb 3, 2023 7:00 PM",95,49,46,34,17,17,28,9,19,0,0,0,465,188,277,,,,69,30,39,,,
"Feb 3, 2023 8:00 PM",63,38,25,32,5,27,21,5,16,0,0,0,547,215,332,,,,76,38,38,,,
"Feb 3, 2023 9:00 PM",68,38,30,15,2,13,23,19,4,0,0,0,790,305,485,,,,32,17,15,,,
"Feb 3, 2023 10:00 PM",22,8,14,11,7,4,16,7,9,0,0,0,500,170,330,,,,22,12,10,,,
"Feb 3, 2023 11:00 PM",9,7,2,7,1,6,3,1,2,0,0,0,537,201,336,,,,9,6,3,,,
"Feb 4, 2023 12:00 AM",0,0,0,0,0,0,4,1,3,0,0,0,524,184,340,,,,12,7,5,,,
"Feb 4, 2023 1:00 AM",1,0,1,3,1,2,4,1,3,0,0,0,332,79,253,,,,9,5,4,,,
"Feb 4, 2023 2:00 AM",2,1,1,0,0,0,0,0,0,0,0,0,85,39,46,,,,8,5,3,,,
"Feb 4, 2023 3:00 AM",0,0,0,1,1,0,0,0,0,0,0,0,94,33,61,,,,3,2,1,,,
"Feb 4, 2023 4:00 AM",0,0,0,0,0,0,1,0,1,0,0,0,108,30,78,,,,2,1,1,,,
"Feb 4, 2023 5:00 AM",4,4,0,1,1,0,1,1,0,0,0,0,33,16,17,,,,1,1,0,,,
"Feb 4, 2023 6:00 AM",16,3,13,1,1,0,3,1,2,0,0,0,97,53,44,,,,5,3,2,,,
"Feb 4, 2023 7:00 AM",47,21,26,16,8,8,13,10,3,0,0,0,266,102,164,,,,11,4,7,,,
"Feb 4, 2023 8:00 AM",69,37,32,38,22,16,43,25,18,0,0,0,516,245,271,,,,26,12,14,,,
"Feb 4, 2023 9:00 AM",115,61,54,46,22,24,42,23,19,0,0,0,542,259,283,,,,43,21,22,,,
"Feb 4, 2023 10:00 AM",202,108,94,73,39,34,54,32,22,0,0,0,832,347,485,,,,44,26,18,,,
"Feb 4, 2023 11:00 AM",205,115,90,95,46,49,55,25,30,0,0,0,668,311,357,,,,43,29,14,,,
"Feb 4, 2023 12:00 PM",205,123,82,82,42,40,54,31,23,0,0,0,723,287,436,,,,39,18,21,,,
"Feb 4, 2023 1:00 PM",254,116,138,42,17,25,52,31,21,0,0,0,787,313,474,,,,57,31,26,,,
"Feb 4, 2023 2:00 PM",210,110,100,58,39,19,33,16,17,0,0,0,690,261,429,,,,43,20,23,,,
"Feb 4, 2023 3:00 PM",216,127,89,65,41,24,64,32,32,0,0,0,633,282,351,,,,46,21,25,,,
"Feb 4, 2023 4:00 PM",113,60,53,21,11,10,34,24,10,0,0,0,779,299,480,,,,38,18,20,,,
"Feb 4, 2023 5:00 PM",86,52,34,24,12,12,13,6,7,0,0,0,1152,424,728,,,,31,11,20,,,
"Feb 4, 2023 6:00 PM",67,34,33,21,10,11,16,7,9,0,0,0,1294,542,752,,,,29,15,14,,,
"Feb 4, 2023 7:00 PM",71,38,33,5,2,3,22,11,11,0,0,0,946,366,580,,,,36,18,18,,,
"Feb 4, 2023 8:00 PM",48,30,18,8,2,6,16,13,3,0,0,0,1011,346,665,,,,29,13,16,,,
"Feb 4, 2023 9:00 PM",30,15,15,10,7,3,19,7,12,0,0,0,1016,334,682,,,,29,19,10,,,
"Feb 4, 2023 10:00 PM",17,8,9,8,2,6,8,4,4,0,0,0,1128,380,748,,,,16,1,15,,,
"Feb 4, 2023 11:00 PM",10,6,4,3,3,0,4,4,0,0,0,0,1094,379,715,,,,10,3,7,,,
"Feb 5, 2023 12:00 AM",0,0,0,4,1,3,7,1,6,0,0,0,685,314,371,,,,5,4,1,,,
"Feb 5, 2023 1:00 AM",1,0,1,3,1,2,0,0,0,0,0,0,598,358,240,,,,6,6,0,,,
"Feb 5, 2023 2:00 AM",0,0,0,1,0,1,0,0,0,0,0,0,212,116,96,,,,6,2,4,,,
"Feb 5, 2023 3:00 AM",1,0,1,0,0,0,0,0,0,0,0,0,187,89,98,,,,5,2,3,,,
"Feb 5, 2023 4:00 AM",1,1,0,0,0,0,0,0,0,0,0,0,130,72,58,,,,11,5,6,,,
"Feb 5, 2023 5:00 AM",0,0,0,0,0,0,0,0,0,0,0,0,62,38,24,,,,1,1,0,,,
"Feb 5, 2023 6:00 AM",5,3,2,1,0,1,1,0,1,0,0,0,41,19,22,,,,8,7,1,,,
"Feb 5, 2023 7:00 AM",19,7,12,7,3,4,6,4,2,0,0,0,104,52,52,,,,5,2,3,,,
"Feb 5, 2023 8:00 AM",74,37,37,33,19,14,17,12,5,0,0,0,543,287,256,,,,13,7,6,,,
"Feb 5, 2023 9:00 AM",140,82,58,45,21,24,30,16,14,0,0,0,858,406,452,,,,44,25,19,,,
"Feb 5, 2023 10:00 AM",292,174,118,83,39,44,46,25,21,0,0,0,795,354,441,,,,52,27,25,,,
"Feb 5, 2023 11:00 AM",381,209,172,90,45,45,88,49,39,0,0,0,940,398,542,,,,65,39,26,,,
"Feb 5, 2023 12:00 PM",508,312,196,137,70,67,121,68,53,0,0,0,954,440,514,,,,69,34,35,,,
"Feb 5, 2023 1:00 PM",691,409,282,141,67,74,108,66,42,0,0,0,768,334,434,,,,74,41,33,,,
"Feb 5, 2023 2:00 PM",639,367,272,111,56,55,102,61,41,0,0,0,990,404,586,,,,48,21,27,,,
"Feb 5, 2023 3:00 PM",666,328,338,92,56,36,86,49,37,0,0,0,1082,489,593,,,,58,27,31,,,
"Feb 5, 2023 4:00 PM",504,268,236,100,44,56,69,34,35,0,0,0,1194,505,689,,,,48,27,21,,,
"Feb 5, 2023 5:00 PM",288,153,135,69,37,32,72,36,36,0,0,0,810,321,489,,,,46,21,25,,,
"Feb 5, 2023 6:00 PM",131,74,57,36,19,17,28,7,21,0,0,0,986,363,623,,,,32,17,15,,,
"Feb 5, 2023 7:00 PM",80,49,31,21,8,13,17,6,11,0,0,0,965,320,645,,,,39,14,25,,,
"Feb 5, 2023 8:00 PM",51,24,27,15,8,7,13,4,9,0,0,0,940,405,535,,,,18,12,6,,,
"Feb 5, 2023 9:00 PM",28,12,16,3,0,3,13,7,6,0,0,0,1185,378,807,,,,20,9,11,,,
"Feb 5, 2023 10:00 PM",22,7,15,2,2,0,6,2,4,0,0,0,1666,659,1007,,,,8,3,5,,,
"Feb 5, 2023 11:00 PM",7,5,2,5,2,3,8,4,4,0,0,0,1388,467,921,,,,7,5,2,,,
"Feb 6, 2023 12:00 AM",0,0,0,0,0,0,9,6,3,0,0,0,1165,452,713,,,,12,11,1,,,
"Feb 6, 2023 1:00 AM",1,0,1,3,1,2,3,0,3,0,0,0,348,149,199,,,,10,5,5,,,
"Feb 6, 2023 2:00 AM",0,0,0,0,0,0,0,0,0,0,0,0,141,48,93,,,,8,3,5,,,
"Feb 6, 2023 3:00 AM",0,0,0,0,0,0,0,0,0,0,0,0,118,50,68,,,,4,4,0,,,
"Feb 6, 2023 4:00 AM",1,1,0,1,1,0,0,0,0,0,0,0,138,58,80,,,,3,2,1,,,
"Feb 6, 2023 5:00 AM",0,0,0,0,0,0,0,0,0,0,0,0,184,76,108,,,,2,1,1,,,
"Feb 6, 2023 6:00 AM",3,2,1,2,0,2,0,0,0,0,0,0,575,329,246,,,,4,1,3,,,
"Feb 6, 2023 7:00 AM",27,15,12,7,5,2,10,9,1,0,0,0,419,230,189,,,,6,2,4,,,
"Feb 6, 2023 8:00 AM",81,34,47,26,13,13,30,16,14,0,0,0,369,121,248,,,,15,11,4,,,
"Feb 6, 2023 9:00 AM",106,55,51,57,28,29,31,19,12,0,0,0,417,175,242,,,,34,20,14,,,
"Feb 6, 2023 10:00 AM",242,124,118,48,21,27,60,33,27,0,0,0,636,267,369,,,,28,11,17,,,
"Feb 6, 2023 11:00 AM",329,187,142,91,45,46,57,29,28,0,0,0,578,235,343,,,,47,27,20,,,
"Feb 6, 2023 12:00 PM",406,236,170,96,45,51,75,39,36,0,0,0,606,235,371,,,,77,49,28,,,
"Feb 6, 2023 1:00 PM",423,232,191,111,61,50,92,43,49,0,0,0,945,368,577,,,,60,30,30,,,
"Feb 6, 2023 2:00 PM",482,296,186,122,71,51,98,63,35,0,0,0,854,365,489,,,,48,16,32,,,
"Feb 6, 2023 3:00 PM",515,299,216,143,75,68,95,52,43,0,0,0,1063,430,633,,,,61,33,28,,,
"Feb 6, 2023 4:00 PM",473,279,194,87,27,60,58,22,36,0,0,0,666,245,421,,,,62,36,26,,,
"Feb 6, 2023 5:00 PM",297,152,145,52,20,32,64,40,24,0,0,0,790,312,478,,,,58,27,31,,,
"Feb 6, 2023 6:00 PM",137,70,67,45,15,30,30,17,13,0,0,0,892,314,578,,,,32,14,18,,,
"Feb 6, 2023 7:00 PM",109,56,53,23,13,10,19,7,12,0,0,0,677,207,470,,,,31,18,13,,,
"Feb 6, 2023 8:00 PM",71,44,27,17,10,7,18,8,10,0,0,0,812,313,499,,,,33,16,17,,,
"Feb 6, 2023 9:00 PM",19,12,7,9,4,5,11,4,7,0,0,0,949,372,577,,,,19,8,11,,,
"Feb 6, 2023 10:00 PM",7,4,3,2,0,2,2,0,2,0,0,0,1153,495,658,,,,6,4,2,,,
"Feb 6, 2023 11:00 PM",9,4,5,3,2,1,2,1,1,0,0,0,536,221,315,,,,5,3,2,,,
"Feb 7, 2023 12:00 AM",0,0,0,0,0,0,0,0,0,0,0,0,169,63,106,,,,1,1,0,,,
"Feb 7, 2023 1:00 AM",1,1,0,0,0,0,1,1,0,0,0,0,118,27,91,,,,3,3,0,,,
"Feb 7, 2023 2:00 AM",0,0,0,2,2,0,0,0,0,0,0,0,44,15,29,,,,0,0,0,,,
"Feb 7, 2023 3:00 AM",0,0,0,0,0,0,0,0,0,0,0,0,9,4,5,,,,2,2,0,,,
"Feb 7, 2023 4:00 AM",0,0,0,0,0,0,0,0,0,0,0,0,61,32,29,,,,1,1,0,,,
"Feb 7, 2023 5:00 AM",6,1,5,2,2,0,0,0,0,0,0,0,132,74,58,,,,3,1,2,,,
"Feb 7, 2023 6:00 AM",38,20,18,9,6,3,8,5,3,0,0,0,343,159,184,,,,9,3,6,,,
"Feb 7, 2023 7:00 AM",58,27,31,23,8,15,14,4,10,0,0,0,724,310,414,,,,30,11,19,,,
"Feb 7, 2023 8:00 AM",90,46,44,38,9,29,24,9,15,0,0,0,1236,435,801,,,,104,69,35,,,
"Feb 7, 2023 9:00 AM",84,43,41,25,13,12,31,17,14,0,0,0,813,311,502,,,,45,25,20,,,
"Feb 7, 2023 10:00 AM",122,71,51,41,17,24,23,8,15,0,0,0,725,358,367,,,,59,20,39,,,
"Feb 7, 2023 11:00 AM",109,59,50,24,12,12,30,24,6,0,0,0,571,265,306,,,,44,24,20,,,
"Feb 7, 2023 12:00 PM",99,51,48,24,8,16,26,15,11,0,0,0,1211,505,706,,,,77,44,33,,,
"Feb 7, 2023 1:00 PM",141,78,63,42,21,21,45,30,15,0,0,0,1935,799,1136,,,,83,33,50,,,
"Feb 7, 2023 2:00 PM",93,47,46,28,15,13,22,10,12,0,0,0,1208,582,626,,,,78,31,47,,,
"Feb 7, 2023 3:00 PM",101,52,49,29,13,16,25,11,14,0,0,0,951,403,548,,,,79,25,54,,,
"Feb 7, 2023 4:00 PM",120,61,59,40,22,18,22,14,8,0,0,0,1087,422,665,,,,61,27,34,,,
"Feb 7, 2023 5:00 PM",104,53,51,53,35,18,51,29,22,0,0,0,1021,402,619,,,,91,51,40,,,
"Feb 7, 2023 6:00 PM",130,78,52,63,36,27,47,28,19,0,0,0,963,366,597,,,,97,50,47,,,
"Feb 7, 2023 7:00 PM",130,67,63,60,31,29,50,21,29,0,0,0,830,352,478,,,,56,24,32,,,
"Feb 7, 2023 8:00 PM",93,47,46,46,28,18,37,24,13,0,0,0,1062,560,502,,,,35,15,20,,,
"Feb 7, 2023 9:00 PM",57,31,26,17,5,12,15,3,12,0,0,0,1933,832,1101,,,,19,7,12,,,
"Feb 7, 2023 10:00 PM",24,19,5,3,1,2,3,0,3,0,0,0,2093,815,1278,,,,17,8,9,,,
"Feb 7, 2023 11:00 PM",7,4,3,7,6,1,1,0,1,0,0,0,1064,394,670,,,,7,3,4,,,
"Feb 8, 2023 12:00 AM",0,0,0,0,0,0,0,0,0,0,0,0,522,121,401,,,,7,6,1,,,
"Feb 8, 2023 1:00 AM",1,1,0,0,0,0,0,0,0,0,0,0,68,35,33,,,,0,0,0,,,
"Feb 8, 2023 2:00 AM",0,0,0,0,0,0,0,0,0,0,0,0,43,22,21,,,,1,1,0,,,
"Feb 8, 2023 3:00 AM",1,1,0,0,0,0,0,0,0,0,0,0,10,7,3,,,,1,1,0,,,
"Feb 8, 2023 4:00 AM",0,0,0,1,1,0,0,0,0,0,0,0,10,7,3,,,,0,0,0,,,
"Feb 8, 2023 5:00 AM",4,2,2,0,0,0,0,0,0,0,0,0,74,47,27,,,,6,1,5,,,
"Feb 8, 2023 6:00 AM",34,13,21,12,7,5,9,6,3,0,0,0,164,75,89,,,,5,0,5,,,
"Feb 8, 2023 7:00 AM",56,31,25,31,12,19,20,9,11,0,0,0,1014,414,600,,,,28,11,17,,,
"Feb 8, 2023 8:00 AM",96,54,42,32,9,23,26,14,12,0,0,0,1471,538,933,,,,124,85,39,,,
"Feb 8, 2023 9:00 AM",98,54,44,28,16,12,22,4,18,0,0,0,853,347,506,,,,49,21,28,,,
"Feb 8, 2023 10:00 AM",128,64,64,38,14,24,37,22,15,0,0,0,894,450,444,,,,40,21,19,,,
"Feb 8, 2023 11:00 AM",131,71,60,25,9,16,28,16,12,0,0,0,1257,610,647,,,,47,19,28,,,
"Feb 8, 2023 12:00 PM",127,71,56,44,23,21,24,16,8,0,0,0,1241,485,756,,,,47,23,24,,,
"Feb 8, 2023 1:00 PM",160,85,75,52,27,25,54,24,30,0,0,0,1213,504,709,,,,70,26,44,,,
"Feb 8, 2023 2:00 PM",118,66,52,40,15,25,32,15,17,0,0,0,1202,528,674,,,,99,45,54,,,
"Feb 8, 2023 3:00 PM",107,55,52,25,13,12,29,11,18,0,0,0,926,366,560,,,,78,24,54,,,
"Feb 8, 2023 4:00 PM",68,38,30,35,22,13,38,21,17,0,0,0,1494,631,863,,,,78,33,45,,,
"Feb 8, 2023 5:00 PM",70,37,33,37,17,20,26,15,11,0,0,0,1369,560,809,,,,72,40,32,,,
"Feb 8, 2023 6:00 PM",92,53,39,48,34,14,38,21,17,0,0,0,1258,477,781,,,,76,39,37,,,
"Feb 8, 2023 7:00 PM",133,65,68,38,21,17,35,18,17,0,0,0,1149,487,662,,,,44,20,24,,,
"Feb 8, 2023 8:00 PM",102,54,48,30,18,12,31,15,16,0,0,0,1456,600,856,,,,19,9,10,,,
"Feb 8, 2023 9:00 PM",48,24,24,9,4,5,5,1,4,0,0,0,2458,1075,1383,,,,16,7,9,,,
"Feb 8, 2023 10:00 PM",27,13,14,7,2,5,7,3,4,0,0,0,2567,1129,1438,,,,14,4,10,,,
"Feb 8, 2023 11:00 PM",8,6,2,4,3,1,2,2,0,0,0,0,2312,1072,1240,,,,3,2,1,,,
"Feb 9, 2023 12:00 AM",0,0,0,1,1,0,3,1,2,0,0,0,1874,871,1003,,,,9,7,2,,,
"Feb 9, 2023 1:00 AM",1,1,0,1,1,0,0,0,0,0,0,0,1119,669,450,,,,1,1,0,,,
"Feb 9, 2023 2:00 AM",0,0,0,0,0,0,3,2,1,0,0,0,800,614,186,,,,1,0,1,,,
"Feb 9, 2023 3:00 AM",0,0,0,0,0,0,0,0,0,0,0,0,77,46,31,,,,2,1,1,,,
"Feb 9, 2023 4:00 AM",0,0,0,0,0,0,0,0,0,0,0,0,98,52,46,,,,1,0,1,,,
"Feb 9, 2023 5:00 AM",3,0,3,1,1,0,0,0,0,0,0,0,67,32,35,,,,8,3,5,,,
"Feb 9, 2023 6:00 AM",30,17,13,6,5,1,10,6,4,0,0,0,393,202,191,,,,7,4,3,,,
"Feb 9, 2023 7:00 AM",66,33,33,22,5,17,18,4,14,0,0,0,1172,455,717,,,,32,14,18,,,
"Feb 9, 2023 8:00 AM",78,35,43,33,15,18,22,16,6,0,0,0,1912,760,1152,,,,93,65,28,,,
"Feb 9, 2023 9:00 AM",91,47,44,50,21,29,32,17,15,0,0,0,1226,520,706,,,,42,26,16,,,
"Feb 9, 2023 10:00 AM",112,65,47,34,16,18,21,10,11,0,0,0,900,370,530,,,,45,24,21,,,
"Feb 9, 2023 11:00 AM",136,71,65,29,11,18,33,18,15,0,0,0,726,325,401,,,,50,17,33,,,
"Feb 9, 2023 12:00 PM",183,92,91,60,33,27,54,31,23,0,0,0,681,300,381,,,,38,18,20,,,
"Feb 9, 2023 1:00 PM",231,123,108,53,21,32,41,22,19,0,0,0,1260,657,603,,,,57,22,35,,,
"Feb 9, 2023 2:00 PM",173,92,81,47,22,25,24,12,12,0,0,0,1074,524,550,,,,83,27,56,,,
"Feb 9, 2023 3:00 PM",141,78,63,29,22,7,22,14,8,0,0,0,1247,547,700,,,,85,27,58,,,
"Feb 9, 2023 4:00 PM",123,68,55,54,22,32,27,10,17,0,0,0,1299,505,794,,,,60,20,40,,,
"Feb 9, 2023 5:00 PM",89,46,43,29,15,14,26,17,9,0,0,0,1833,803,1030,,,,71,41,30,,,
"Feb 9, 2023 6:00 PM",95,49,46,42,29,13,31,24,7,0,0,0,1408,589,819,,,,88,43,45,,,
"Feb 9, 2023 7:00 PM",81,37,44,50,26,24,27,13,14,0,0,0,977,436,541,,,,53,26,27,,,
"Feb 9, 2023 8:00 PM",75,48,27,32,17,15,30,16,14,0,0,0,1589,691,898,,,,39,19,20,,,
"Feb 9, 2023 9:00 PM",40,29,11,16,10,6,23,10,13,0,0,0,1323,543,780,,,,31,10,21,,,
"Feb 9, 2023 10:00 PM",22,15,7,9,2,7,12,2,10,0,0,0,1323,464,859,,,,8,1,7,,,
"Feb 9, 2023 11:00 PM",12,9,3,8,5,3,2,0,2,0,0,0,706,218,488,,,,6,2,4,,,
"Feb 10, 2023 12:00 AM",1,0,1,0,0,0,4,2,2,0,,0,225,101,124,,,,5,5,0,,,
"Feb 10, 2023 1:00 AM",0,0,0,0,0,0,0,0,0,0,,0,144,47,97,,,,7,7,0,,,
"Feb 10, 2023 2:00 AM",0,0,0,0,0,0,0,0,0,0,,0,212,75,137,,,,0,0,0,,,
"Feb 10, 2023 3:00 AM",1,1,0,0,0,0,1,1,0,0,,0,107,46,61,,,,2,1,1,,,
"Feb 10, 2023 4:00 AM",0,0,0,0,0,0,0,0,0,0,,0,126,41,85,,,,0,0,0,,,
"Feb 10, 2023 5:00 AM",7,3,4,0,0,0,1,0,1,0,,0,107,52,55,,,,3,1,2,,,
"Feb 10, 2023 6:00 AM",34,15,19,6,2,4,8,4,4,0,,0,447,177,270,,,,7,2,5,,,
"Feb 10, 2023 7:00 AM",54,30,24,26,12,14,23,10,13,0,0,0,911,413,498,,,,19,5,14,,,
"Feb 10, 2023 8:00 AM",88,41,47,42,18,24,26,16,10,0,0,0,1282,492,790,,,,91,67,24,,,
"Feb 10, 2023 9:00 AM",108,60,48,37,17,20,33,16,17,0,0,0,1151,469,682,,,,37,17,20,,,
"Feb 10, 2023 10:00 AM",95,48,47,26,9,17,18,9,9,29,14,15,592,237,355,,,,26,14,12,,,
"Feb 10, 2023 11:00 AM",161,92,69,40,17,23,42,20,22,0,0,0,694,337,357,,,,59,19,40,,,
"Feb 10, 2023 12:00 PM",133,82,51,47,23,24,40,22,18,0,0,0,1032,456,576,,,,53,19,34,,,
"Feb 10, 2023 1:00 PM",127,63,64,62,31,31,49,25,24,0,0,0,926,388,538,,,,105,34,71,,,
"Feb 10, 2023 2:00 PM",117,65,52,36,15,21,36,18,18,0,0,0,1120,506,614,,,,103,46,57,,,
"Feb 10, 2023 3:00 PM",102,57,45,33,21,12,32,16,16,0,0,0,735,331,404,,,,54,25,29,,,
"Feb 10, 2023 4:00 PM",113,65,48,23,10,13,41,16,25,0,0,0,1604,615,989,,,,85,37,48,,,
"Feb 10, 2023 5:00 PM",117,63,54,33,23,10,42,20,22,0,0,0,1374,572,802,,,,87,43,44,,,
"Feb 10, 2023 6:00 PM",148,73,75,49,27,22,40,20,20,0,0,0,1179,468,711,,,,81,31,50,,,
"Feb 10, 2023 7:00 PM",97,52,45,29,20,9,35,16,19,0,0,0,1284,513,771,,,,35,20,15,,,
"Feb 10, 2023 8:00 PM",58,32,26,20,10,10,22,14,8,0,0,0,1547,539,1008,,,,38,21,17,,,
"Feb 10, 2023 9:00 PM",51,25,26,6,4,2,10,5,5,0,0,0,1582,608,974,,,,23,9,14,,,
"Feb 10, 2023 10:00 PM",26,15,11,6,1,5,9,1,8,0,0,0,1177,463,714,,,,12,6,6,,,
"Feb 10, 2023 11:00 PM",16,12,4,6,4,2,11,6,5,0,0,0,1003,345,658,,,,4,1,3,,,
"Feb 11, 2023 12:00 AM",0,0,0,4,2,2,3,1,2,0,0,0,675,295,380,,,,18,14,4,,,
"Feb 11, 2023 1:00 AM",3,2,1,1,1,0,0,0,0,0,0,0,503,169,334,,,,13,6,7,,,
"Feb 11, 2023 2:00 AM",0,0,0,0,0,0,2,2,0,0,0,0,158,50,108,,,,5,4,1,,,
"Feb 11, 2023 3:00 AM",5,5,0,0,0,0,0,0,0,0,0,0,50,17,33,,,,1,0,1,,,
"Feb 11, 2023 4:00 AM",2,1,1,0,0,0,0,0,0,0,0,0,136,50,86,,,,3,1,2,,,
"Feb 11, 2023 5:00 AM",3,1,2,0,0,0,0,0,0,0,0,0,49,20,29,,,,1,1,0,,,
"Feb 11, 2023 6:00 AM",17,5,12,2,0,2,3,0,3,0,0,0,167,78,89,,,,3,1,2,,,
"Feb 11, 2023 7:00 AM",42,24,18,14,4,10,10,7,3,0,0,0,437,214,223,,,,8,4,4,,,
"Feb 11, 2023 8:00 AM",88,50,38,24,16,8,29,22,7,0,0,0,470,216,254,,,,24,10,14,,,
"Feb 11, 2023 9:00 AM",130,58,72,54,29,25,41,21,20,0,0,0,807,342,465,,,,36,17,19,,,
"Feb 11, 2023 10:00 AM",172,97,75,74,35,39,63,34,29,0,0,0,1354,553,801,,,,44,23,21,,,
"Feb 11, 2023 11:00 AM",224,119,105,83,37,46,70,34,36,0,0,0,1301,494,807,,,,61,34,27,,,
"Feb 11, 2023 12:00 PM",222,118,104,83,31,52,54,26,28,0,0,0,1282,544,738,,,,40,19,21,,,
"Feb 11, 2023 1:00 PM",169,95,74,74,33,41,47,22,25,0,0,0,1114,442,672,,,,63,27,36,,,
"Feb 11, 2023 2:00 PM",181,108,73,51,23,28,45,26,19,0,0,0,855,372,483,,,,58,26,32,,,
"Feb 11, 2023 3:00 PM",185,94,91,46,27,19,46,23,23,0,0,0,1086,427,659,,,,57,32,25,,,
"Feb 11, 2023 4:00 PM",190,88,102,46,30,16,48,17,31,0,0,0,1222,542,680,,,,50,25,25,,,
"Feb 11, 2023 5:00 PM",207,115,92,65,33,32,43,21,22,0,0,0,1240,489,751,,,,66,35,31,,,
"Feb 11, 2023 6:00 PM",148,67,81,28,12,16,31,11,20,0,0,0,1427,532,895,,,,82,34,48,,,
"Feb 11, 2023 7:00 PM",79,45,34,29,13,16,28,13,15,0,0,0,1082,464,618,,,,51,24,27,,,
"Feb 11, 2023 8:00 PM",83,44,39,27,2,25,22,15,7,0,0,0,709,290,419,,,,42,18,24,,,
"Feb 11, 2023 9:00 PM",61,32,29,12,6,6,13,1,12,0,0,0,1026,382,644,,,,35,14,21,,,
"Feb 11, 2023 10:00 PM",29,9,20,5,4,1,5,2,3,0,0,0,1257,365,892,,,,19,7,12,,,
"Feb 11, 2023 11:00 PM",9,7,2,4,1,3,8,4,4,0,0,0,1497,456,1041,,,,10,8,2,,,
"Feb 12, 2023 12:00 AM",0,0,0,2,0,2,10,2,8,0,0,0,734,308,426,,,,11,4,7,,,
"Feb 12, 2023 1:00 AM",2,2,0,3,2,1,1,1,0,0,0,0,354,126,228,,,,14,8,6,,,
"Feb 12, 2023 2:00 AM",0,0,0,0,0,0,0,0,0,0,0,0,256,108,148,,,,3,2,1,,,
"Feb 12, 2023 3:00 AM",0,0,0,0,0,0,3,1,2,0,0,0,89,37,52,,,,3,3,0,,,
"Feb 12, 2023 4:00 AM",1,1,0,0,0,0,0,0,0,0,0,0,99,49,50,,,,5,3,2,,,
"Feb 12, 2023 5:00 AM",0,0,0,0,0,0,1,0,1,0,0,0,396,161,235,,,,4,3,1,,,
"Feb 12, 2023 6:00 AM",14,4,10,3,1,2,3,0,3,0,0,0,65,34,31,,,,2,1,1,,,
"Feb 12, 2023 7:00 AM",31,17,14,7,6,1,9,5,4,0,0,0,175,101,74,,,,6,2,4,,,
"Feb 12, 2023 8:00 AM",80,39,41,30,16,14,22,16,6,0,0,0,375,135,240,,,,14,11,3,,,
"Feb 12, 2023 9:00 AM",143,82,61,64,40,24,42,25,17,0,0,0,911,338,573,,,,25,11,14,,,
"Feb 12, 2023 10:00 AM",251,155,96,78,45,33,67,41,26,0,0,0,742,308,434,,,,64,33,31,,,
"Feb 12, 2023 11:00 AM",343,204,139,91,49,42,96,42,54,0,0,0,991,370,621,,,,58,30,28,,,
"Feb 12, 2023 12:00 PM",454,251,203,104,52,52,70,37,33,0,0,0,1177,531,646,,,,50,27,23,,,
"Feb 12, 2023 1:00 PM",485,288,197,79,50,29,64,39,25,0,0,0,970,409,561,,,,64,34,30,,,
"Feb 12, 2023 2:00 PM",430,241,189,92,56,36,99,51,48,0,0,0,1238,499,739,,,,50,22,28,,,
"Feb 12, 2023 3:00 PM",426,259,167,85,49,36,75,43,32,0,0,0,1373,549,824,,,,50,24,26,,,
"Feb 12, 2023 4:00 PM",412,211,201,64,26,38,53,29,24,0,0,0,1306,489,817,,,,40,21,19,,,
"Feb 12, 2023 5:00 PM",241,140,101,51,31,20,50,28,22,0,0,0,1045,419,626,,,,31,12,19,,,
"Feb 12, 2023 6:00 PM",203,118,85,45,17,28,29,14,15,0,0,0,1153,398,755,,,,42,15,27,,,
"Feb 12, 2023 7:00 PM",86,47,39,24,12,12,31,16,15,0,0,0,1443,541,902,,,,31,15,16,,,
"Feb 12, 2023 8:00 PM",72,39,33,44,15,29,20,8,12,0,0,0,1564,481,1083,,,,35,17,18,,,
"Feb 12, 2023 9:00 PM",41,22,19,10,3,7,32,19,13,0,0,0,1404,601,803,,,,30,11,19,,,
"Feb 12, 2023 10:00 PM",15,11,4,10,3,7,5,4,1,0,0,0,1534,562,972,,,,59,33,26,,,
"Feb 12, 2023 11:00 PM",8,6,2,5,4,1,0,0,0,0,0,0,1225,414,811,,,,4,3,1,,,
"Feb 13, 2023 12:00 AM",0,0,0,0,0,0,0,0,0,0,0,0,1234,597,637,,,,13,9,4,,,
"Feb 13, 2023 1:00 AM",0,0,0,0,0,0,0,0,0,0,0,0,1150,613,537,,,,4,3,1,,,
"Feb 13, 2023 2:00 AM",0,0,0,0,0,0,0,0,0,0,,0,1085,433,652,,,,0,0,0,,,
"Feb 13, 2023 3:00 AM",0,0,0,0,0,0,3,2,1,0,,0,172,119,53,,,,0,0,0,,,
"Feb 13, 2023 4:00 AM",0,0,0,1,1,0,0,0,0,0,,0,325,186,139,,,,1,1,0,,,
"Feb 13, 2023 5:00 AM",8,3,5,0,0,0,0,0,0,0,,0,24,14,10,,,,3,1,2,,,
"Feb 13, 2023 6:00 AM",20,9,11,1,0,1,0,0,0,0,,0,265,118,147,,,,6,1,5,,,
"Feb 13, 2023 7:00 AM",52,25,27,20,10,10,13,6,7,0,,0,897,357,540,,,,22,9,13,,,
"Feb 13, 2023 8:00 AM",84,50,34,34,15,19,19,12,7,0,,0,1090,469,621,,,,63,36,27,,,
"Feb 13, 2023 9:00 AM",72,34,38,30,18,12,22,11,11,0,,0,955,332,623,,,,38,17,21,,,
"Feb 13, 2023 10:00 AM",98,47,51,26,8,18,22,15,7,0,,0,873,403,470,,,,45,23,22,,,
"Feb 13, 2023 11:00 AM",138,77,61,16,13,3,33,19,14,0,,0,804,373,431,,,,30,15,15,,,
"Feb 13, 2023 12:00 PM",135,78,57,33,15,18,33,18,15,0,0,0,887,378,509,,,,61,27,34,,,
"Feb 13, 2023 1:00 PM",171,97,74,46,23,23,37,24,13,0,0,0,789,338,451,,,,64,29,35,,,
"Feb 13, 2023 2:00 PM",161,84,77,43,24,19,39,20,19,0,0,0,1009,361,648,,,,66,36,30,,,
"Feb 13, 2023 3:00 PM",118,65,53,63,27,36,27,19,8,0,0,0,839,355,484,,,,48,22,26,,,
"Feb 13, 2023 4:00 PM",125,60,65,38,23,15,35,17,18,0,0,0,1009,406,603,,,,67,33,34,,,
"Feb 13, 2023 5:00 PM",160,85,75,47,26,21,47,21,26,0,0,0,1229,499,730,,,,74,41,33,,,
"Feb 13, 2023 6:00 PM",140,71,69,59,31,28,55,34,21,0,0,0,1111,412,699,,,,68,25,43,,,
"Feb 13, 2023 7:00 PM",105,56,49,33,19,14,41,19,22,0,0,0,863,378,485,,,,72,38,34,,,
"Feb 13, 2023 8:00 PM",101,62,39,28,9,19,23,9,14,0,0,0,1103,447,656,,,,31,15,16,,,
"Feb 13, 2023 9:00 PM",28,15,13,15,6,9,26,10,16,0,0,0,1499,536,963,,,,28,12,16,,,
"Feb 13, 2023 10:00 PM",16,10,6,9,2,7,9,2,7,0,0,0,1232,434,798,,,,13,7,6,,,
"Feb 13, 2023 11:00 PM",7,4,3,3,3,0,2,1,1,0,,0,979,366,613,,,,6,2,4,,,
"Feb 14, 2023 12:00 AM",0,0,0,0,0,0,0,0,0,0,0,0,944,301,643,,,,6,5,1,,,
"Feb 14, 2023 1:00 AM",0,0,0,2,2,0,0,0,0,0,,0,258,117,141,,,,3,3,0,,,
"Feb 14, 2023 2:00 AM",0,0,0,0,0,0,2,1,1,0,0,0,241,150,91,,,,2,1,1,,,
"Feb 14, 2023 3:00 AM",0,0,0,0,0,0,0,0,0,0,0,0,46,14,32,,,,0,0,0,,,
"Feb 14, 2023 4:00 AM",0,0,0,0,0,0,0,0,0,0,0,0,8,4,4,,,,0,0,0,,,
"Feb 14, 2023 5:00 AM",11,3,8,0,0,0,0,0,0,0,0,0,28,17,11,,,,7,4,3,,,
"Feb 14, 2023 6:00 AM",32,18,14,11,5,6,11,6,5,0,0,0,254,94,160,,,,4,2,2,,,
"Feb 14, 2023 7:00 AM",57,28,29,25,7,18,22,9,13,0,0,0,778,319,459,,,,33,19,14,,,
"Feb 14, 2023 8:00 AM",88,45,43,35,11,24,26,11,15,0,0,0,956,362,594,,,,66,37,29,,,
"Feb 14, 2023 9:00 AM",78,40,38,19,11,8,15,10,5,0,0,0,552,253,299,,,,36,16,20,,,
"Feb 14, 2023 10:00 AM",98,45,53,20,9,11,20,13,7,0,0,0,752,354,398,,,,25,12,13,,,
"Feb 14, 2023 11:00 AM",120,53,67,30,17,13,31,19,12,0,0,0,809,381,428,,,,34,16,18,,,
"Feb 14, 2023 12:00 PM",112,59,53,38,12,26,34,16,18,0,0,0,905,367,538,,,,48,22,26,,,
"Feb 14, 2023 1:00 PM",182,91,91,46,24,22,52,22,30,0,0,0,990,432,558,,,,80,42,38,,,
"Feb 14, 2023 2:00 PM",140,70,70,42,22,20,34,16,18,0,0,0,672,317,355,,,,62,21,41,,,
"Feb 14, 2023 3:00 PM",148,89,59,38,25,13,25,11,14,0,0,0,1216,535,681,,,,62,26,36,,,
"Feb 14, 2023 4:00 PM",196,103,93,36,24,12,47,27,20,0,0,0,1170,501,669,,,,76,40,36,,,
"Feb 14, 2023 5:00 PM",180,93,87,50,24,26,40,22,18,0,0,0,1268,489,779,,,,103,44,59,,,
"Feb 14, 2023 6:00 PM",128,78,50,52,30,22,41,26,15,0,0,0,1378,566,812,,,,92,50,42,,,
"Feb 14, 2023 7:00 PM",106,52,54,51,21,30,36,11,25,0,0,0,826,309,517,,,,90,47,43,,,
"Feb 14, 2023 8:00 PM",111,65,46,37,15,22,29,16,13,0,0,0,1272,588,684,,,,43,15,28,,,
"Feb 14, 2023 9:00 PM",47,27,20,16,6,10,16,7,9,0,0,0,1560,650,910,,,,42,10,32,,,
"Feb 14, 2023 10:00 PM",21,13,8,10,6,4,13,4,9,0,0,0,1672,564,1108,,,,16,9,7,,,
"Feb 14, 2023 11:00 PM",7,3,4,3,1,2,2,0,2,0,0,0,1345,588,757,,,,10,5,5,,,
"Feb 15, 2023 12:00 AM",0,0,0,0,0,0,4,2,2,0,0,0,1082,543,539,,,,4,3,1,,,
"Feb 15, 2023 1:00 AM",0,0,0,0,0,0,0,0,0,0,0,0,369,196,173,,,,8,7,1,,,
"Feb 15, 2023 2:00 AM",0,0,0,4,2,2,0,0,0,0,0,0,145,77,68,,,,1,0,1,,,
"Feb 15, 2023 3:00 AM",0,0,0,0,0,0,0,0,0,0,0,0,39,26,13,,,,3,1,2,,,
"Feb 15, 2023 4:00 AM",0,0,0,0,0,0,0,0,0,0,0,0,21,11,10,,,,1,0,1,,,
"Feb 15, 2023 5:00 AM",6,4,2,0,0,0,0,0,0,0,0,0,28,13,15,,,,7,4,3,,,
"Feb 15, 2023 6:00 AM",26,12,14,2,1,1,7,4,3,0,0,0,392,182,210,,,,5,2,3,,,
"Feb 15, 2023 7:00 AM",30,16,14,13,7,6,12,5,7,0,0,0,1486,602,884,,,,19,9,10,,,
"Feb 15, 2023 8:00 AM",58,40,18,32,15,17,13,6,7,0,0,0,1318,560,758,,,,43,21,22,,,
"Feb 15, 2023 9:00 AM",75,34,41,34,22,12,17,10,7,0,0,0,1306,502,804,,,,48,21,27,,,
"Feb 15, 2023 10:00 AM",79,36,43,48,23,25,33,17,16,0,,0,952,444,508,,,,46,25,21,,,
"Feb 15, 2023 11:00 AM",163,91,72,33,21,12,29,19,10,0,0,0,1051,476,575,,,,45,22,23,,,
"Feb 15, 2023 12:00 PM",159,90,69,36,18,18,42,21,21,0,0,0,1084,484,600,,,,64,24,40,,,
"Feb 15, 2023 1:00 PM",166,91,75,60,30,30,61,30,31,0,0,0,1325,574,751,,,,73,34,39,,,
"Feb 15, 2023 2:00 PM",163,88,75,36,15,21,21,11,10,0,0,0,1170,535,635,,,,58,20,38,,,
"Feb 15, 2023 3:00 PM",161,89,72,29,10,19,31,15,16,0,0,0,953,409,544,,,,53,23,30,,,
"Feb 15, 2023 4:00 PM",132,81,51,37,21,16,23,12,11,0,0,0,1186,524,662,,,,56,29,27,,,
"Feb 15, 2023 5:00 PM",131,70,61,39,23,16,66,34,32,0,0,0,1201,512,689,,,,76,41,35,,,
"Feb 15, 2023 6:00 PM",144,86,58,56,33,23,49,31,18,0,0,0,1279,625,654,,,,54,29,25,,,
"Feb 15, 2023 7:00 PM",120,70,50,44,28,16,31,17,14,0,0,0,1103,524,579,,,,32,17,15,,,
"Feb 15, 2023 8:00 PM",76,40,36,40,20,20,24,10,14,0,0,0,1114,468,646,,,,26,11,15,,,
"Feb 15, 2023 9:00 PM",33,17,16,16,6,10,9,4,5,0,,0,1544,683,861,,,,17,5,12,,,
"Feb 15, 2023 10:00 PM",14,6,8,2,0,2,8,1,7,0,0,0,1877,647,1230,,,,12,5,7,,,
"Feb 15, 2023 11:00 PM",5,3,2,6,3,3,2,0,2,0,,0,1122,397,725,,,,3,1,2,,,
"Feb 16, 2023 12:00 AM",0,0,0,0,0,0,0,0,0,0,,0,840,407,433,,,,4,4,0,,,
"Feb 16, 2023 1:00 AM",2,0,2,1,0,1,4,1,3,0,,0,417,147,270,,,,2,2,0,,,
"Feb 16, 2023 2:00 AM",0,0,0,1,1,0,0,0,0,0,,0,222,129,93,,,,1,0,1,,,
"Feb 16, 2023 3:00 AM",0,0,0,0,0,0,0,0,0,0,,0,41,19,22,,,,1,0,1,,,
"Feb 16, 2023 4:00 AM",0,0,0,1,1,0,0,0,0,0,0,0,9,6,3,,,,1,0,1,,,
"Feb 16, 2023 5:00 AM",4,1,3,0,0,0,1,1,0,0,0,0,5,5,0,,,,5,3,2,,,
"Feb 16, 2023 6:00 AM",25,12,13,9,5,4,11,8,3,0,0,0,366,145,221,,,,11,5,6,,,
"Feb 16, 2023 7:00 AM",66,38,28,27,10,17,17,9,8,0,0,0,852,343,509,,,,31,9,22,,,
"Feb 16, 2023 8:00 AM",69,37,32,38,17,21,29,13,16,0,0,0,1367,521,846,,,,43,21,22,,,
"Feb 16, 2023 9:00 AM",88,45,43,24,16,8,36,18,18,0,0,0,1116,503,613,,,,34,17,17,,,
"Feb 16, 2023 10:00 AM",118,63,55,38,10,28,21,15,6,0,0,0,1106,533,573,,,,35,18,17,,,
"Feb 16, 2023 11:00 AM",134,65,69,45,28,17,27,15,12,0,0,0,890,430,460,,,,44,16,28,,,
"Feb 16, 2023 12:00 PM",153,85,68,30,12,18,33,18,15,0,0,0,798,347,451,,,,66,32,34,,,
"Feb 16, 2023 1:00 PM",190,99,91,29,10,19,52,30,22,0,0,0,1029,458,571,,,,68,36,32,,,
"Feb 16, 2023 2:00 PM",155,92,63,29,19,10,32,14,18,0,0,0,1124,533,591,,,,64,37,27,,,
"Feb 16, 2023 3:00 PM",175,90,85,55,24,31,31,14,17,0,0,0,1227,574,653,,,,57,27,30,,,
"Feb 16, 2023 4:00 PM",194,108,86,40,19,21,24,13,11,0,0,0,1188,530,658,,,,64,28,36,,,
"Feb 16, 2023 5:00 PM",144,73,71,50,27,23,52,26,26,0,0,0,1481,652,829,,,,69,34,35,,,
"Feb 16, 2023 6:00 PM",107,64,43,38,21,17,38,14,24,0,0,0,1387,599,788,,,,55,29,26,,,
"Feb 16, 2023 7:00 PM",102,57,45,33,19,14,27,15,12,0,0,0,898,438,460,,,,59,26,33,,,
"Feb 16, 2023 8:00 PM",82,44,38,40,21,19,21,10,11,0,0,0,915,371,544,,,,44,19,25,,,
"Feb 16, 2023 9:00 PM",72,41,31,23,12,11,22,14,8,0,0,0,1199,484,715,,,,22,9,13,,,
"Feb 16, 2023 10:00 PM",29,16,13,13,7,6,10,1,9,0,0,0,1826,720,1106,,,,21,10,11,,,
"Feb 16, 2023 11:00 PM",3,1,2,6,3,3,9,3,6,0,0,0,1058,453,605,,,,4,2,2,,,
"Feb 17, 2023 12:00 AM",1,1,0,1,1,0,1,0,1,0,0,0,590,328,262,,,,8,7,1,,,
"Feb 17, 2023 1:00 AM",0,0,0,1,0,1,2,1,1,0,0,0,388,281,107,,,,1,1,0,,,
"Feb 17, 2023 2:00 AM",0,0,0,0,0,0,0,0,0,0,0,0,325,246,79,,,,3,0,3,,,
"Feb 17, 2023 3:00 AM",0,0,0,0,0,0,0,0,0,0,0,0,231,183,48,,,,0,0,0,,,
"Feb 17, 2023 4:00 AM",0,0,0,0,0,0,0,0,0,0,0,0,196,170,26,,,,0,0,0,,,
"Feb 17, 2023 5:00 AM",4,1,3,1,1,0,0,0,0,0,0,0,249,212,37,,,,4,1,3,,,
"Feb 17, 2023 6:00 AM",22,10,12,6,5,1,5,3,2,0,0,0,165,75,90,,,,6,6,0,,,
"Feb 17, 2023 7:00 AM",47,27,20,14,4,10,20,12,8,0,0,0,774,306,468,,,,21,7,14,,,
"Feb 17, 2023 8:00 AM",69,35,34,36,13,23,24,10,14,0,0,0,1044,418,626,,,,27,13,14,,,
"Feb 17, 2023 9:00 AM",76,45,31,29,16,13,33,22,11,0,0,0,733,307,426,,,,41,15,26,,,
"Feb 17, 2023 10:00 AM",103,61,42,40,23,17,46,22,24,0,0,0,435,215,220,,,,24,11,13,,,
"Feb 17, 2023 11:00 AM",144,67,77,46,17,29,32,15,17,0,0,0,615,258,357,,,,63,34,29,,,
"Feb 17, 2023 12:00 PM",206,121,85,42,31,11,33,19,14,0,0,0,904,341,563,,,,42,24,18,,,
"Feb 17, 2023 1:00 PM",166,94,72,40,24,16,56,30,26,0,0,0,881,370,511,,,,53,29,24,,,
"Feb 17, 2023 2:00 PM",175,95,80,34,13,21,35,22,13,0,0,0,780,346,434,,,,54,18,36,,,
"Feb 17, 2023 3:00 PM",187,98,89,24,11,13,36,17,19,0,0,0,727,322,405,,,,54,27,27,,,
"Feb 17, 2023 4:00 PM",192,104,88,40,19,21,43,22,21,0,0,0,747,303,444,,,,61,24,37,,,
"Feb 17, 2023 5:00 PM",161,77,84,56,37,19,60,26,34,0,0,0,1089,421,668,,,,54,28,26,,,
"Feb 17, 2023 6:00 PM",136,84,52,41,19,22,35,16,19,0,0,0,985,376,609,,,,68,36,32,,,
"Feb 17, 2023 7:00 PM",102,53,49,33,16,17,32,12,20,0,0,0,766,315,451,,,,60,38,22,,,
"Feb 17, 2023 8:00 PM",107,53,54,22,10,12,27,17,10,0,0,0,740,306,434,,,,53,18,35,,,
"Feb 17, 2023 9:00 PM",50,31,19,26,13,13,9,4,5,0,0,0,626,223,403,,,,22,6,16,,,
"Feb 17, 2023 10:00 PM",18,11,7,17,3,14,6,1,5,0,0,0,876,364,512,,,,15,12,3,,,
"Feb 17, 2023 11:00 PM",11,7,4,3,3,0,2,0,2,0,0,0,1298,554,744,,,,12,7,5,,,
"Feb 18, 2023 12:00 AM",0,0,0,2,0,2,5,1,4,0,0,0,931,372,559,,,,2,1,1,,,
"Feb 18, 2023 1:00 AM",2,1,1,1,1,0,0,0,0,0,0,0,850,403,447,,,,2,2,0,,,
"Feb 18, 2023 2:00 AM",2,1,1,0,0,0,1,0,1,0,0,0,420,186,234,,,,3,1,2,,,
"Feb 18, 2023 3:00 AM",0,0,0,0,0,0,0,0,0,0,0,0,93,76,17,,,,4,3,1,,,
"Feb 18, 2023 4:00 AM",0,0,0,0,0,0,0,0,0,0,0,0,61,29,32,,,,1,1,0,,,
"Feb 18, 2023 5:00 AM",0,0,0,1,0,1,0,0,0,0,0,0,64,25,39,,,,2,2,0,,,
"Feb 18, 2023 6:00 AM",17,6,11,7,4,3,1,1,0,0,0,0,205,112,93,,,,3,1,2,,,
"Feb 18, 2023 7:00 AM",46,23,23,12,4,8,9,4,5,0,0,0,580,257,323,,,,9,3,6,,,
"Feb 18, 2023 8:00 AM",96,50,46,27,12,15,34,20,14,0,0,0,750,313,437,,,,32,18,14,,,
"Feb 18, 2023 9:00 AM",177,88,89,52,25,27,39,16,23,0,0,0,816,320,496,,,,33,15,18,,,
"Feb 18, 2023 10:00 AM",218,122,96,66,34,32,53,26,27,0,0,0,639,310,329,,,,52,27,25,,,
"Feb 18, 2023 11:00 AM",278,171,107,80,51,29,63,35,28,0,0,0,929,424,505,,,,45,26,19,,,
"Feb 18, 2023 12:00 PM",259,145,114,61,31,30,43,23,20,0,0,0,1049,425,624,,,,56,21,35,,,
"Feb 18, 2023 1:00 PM",253,144,109,59,34,25,63,35,28,0,0,0,837,380,457,,,,49,22,27,,,
"Feb 18, 2023 2:00 PM",280,153,127,74,44,30,57,34,23,0,0,0,984,388,596,,,,52,20,32,,,
"Feb 18, 2023 3:00 PM",303,159,144,76,45,31,44,22,22,0,0,0,1195,512,683,,,,69,35,34,,,
"Feb 18, 2023 4:00 PM",236,134,102,69,35,34,57,21,36,0,0,0,1062,474,588,,,,63,35,28,,,
"Feb 18, 2023 5:00 PM",252,139,113,82,44,38,49,27,22,0,0,0,1370,463,907,,,,53,26,27,,,
"Feb 18, 2023 6:00 PM",185,96,89,32,19,13,31,14,17,0,0,0,1753,597,1156,,,,52,21,31,,,
"Feb 18, 2023 7:00 PM",101,45,56,14,10,4,28,14,14,0,0,0,1180,499,681,,,,27,8,19,,,
"Feb 18, 2023 8:00 PM",72,46,26,21,10,11,9,3,6,0,0,0,1214,455,759,,,,26,14,12,,,
"Feb 18, 2023 9:00 PM",46,28,18,7,1,6,8,4,4,0,0,0,915,357,558,,,,19,9,10,,,
"Feb 18, 2023 10:00 PM",65,42,23,8,4,4,9,5,4,0,0,0,1473,477,996,,,,19,7,12,,,
"Feb 18, 2023 11:00 PM",29,15,14,4,3,1,5,3,2,0,0,0,1834,769,1065,,,,10,8,2,,,
"Feb 19, 2023 12:00 AM",0,0,0,2,2,0,3,2,1,0,0,0,1543,555,988,,,,12,8,4,,,
"Feb 19, 2023 1:00 AM",1,0,1,0,0,0,1,0,1,0,0,0,770,321,449,,,,7,2,5,,,
"Feb 19, 2023 2:00 AM",2,2,0,0,0,0,0,0,0,0,0,0,259,111,148,,,,7,5,2,,,
"Feb 19, 2023 3:00 AM",0,0,0,0,0,0,0,0,0,0,0,0,66,32,34,,,,5,2,3,,,
"Feb 19, 2023 4:00 AM",0,0,0,0,0,0,0,0,0,0,0,0,414,226,188,,,,2,1,1,,,
"Feb 19, 2023 5:00 AM",0,0,0,0,0,0,0,0,0,0,0,0,714,254,460,,,,2,2,0,,,
"Feb 19, 2023 6:00 AM",17,12,5,1,1,0,2,2,0,0,0,0,419,249,170,,,,10,6,4,,,
"Feb 19, 2023 7:00 AM",39,24,15,7,3,4,7,3,4,0,0,0,637,360,277,,,,10,1,9,,,
"Feb 19, 2023 8:00 AM",101,44,57,41,20,21,31,19,12,0,0,0,727,314,413,,,,24,11,13,,,
"Feb 19, 2023 9:00 AM",124,61,63,62,38,24,43,23,20,0,0,0,689,300,389,,,,33,18,15,,,
"Feb 19, 2023 10:00 AM",262,169,93,85,42,43,67,40,27,0,0,0,1321,493,828,,,,49,23,26,,,
"Feb 19, 2023 11:00 AM",402,223,179,96,53,43,85,55,30,0,0,0,1171,509,662,,,,71,35,36,,,
"Feb 19, 2023 12:00 PM",583,346,237,102,52,50,83,45,38,0,0,0,994,461,533,,,,89,54,35,,,
"Feb 19, 2023 1:00 PM",655,376,279,112,66,46,102,66,36,0,0,0,1047,457,590,,,,77,26,51,,,
"Feb 19, 2023 2:00 PM",728,418,310,116,60,56,118,73,45,0,0,0,1024,442,582,,,,85,36,49,,,
"Feb 19, 2023 3:00 PM",789,439,350,142,76,66,89,44,45,0,0,0,1181,570,611,,,,70,36,34,,,
"Feb 19, 2023 4:00 PM",723,398,325,114,60,54,85,33,52,0,0,0,1388,549,839,,,,90,41,49,,,
"Feb 19, 2023 5:00 PM",470,260,210,84,35,49,92,28,64,0,0,0,834,374,460,,,,60,33,27,,,
"Feb 19, 2023 6:00 PM",231,127,104,40,17,23,41,14,27,0,0,0,1107,463,644,,,,68,41,27,,,
"Feb 19, 2023 7:00 PM",121,67,54,38,20,18,25,12,13,0,0,0,1205,477,728,,,,52,24,28,,,
"Feb 19, 2023 8:00 PM",93,54,39,13,7,6,21,12,9,0,0,0,1482,643,839,,,,24,15,9,,,
"Feb 19, 2023 9:00 PM",50,21,29,16,8,8,12,6,6,0,0,0,1812,677,1135,,,,17,9,8,,,
"Feb 19, 2023 10:00 PM",28,17,11,5,1,4,3,1,2,0,0,0,2224,720,1504,,,,5,1,4,,,
"Feb 19, 2023 11:00 PM",13,4,9,2,0,2,6,4,2,0,0,0,1760,593,1167,,,,10,7,3,,,
"Feb 20, 2023 12:00 AM",0,0,0,0,0,0,1,0,1,0,0,0,830,406,424,,,,7,5,2,,,
"Feb 20, 2023 1:00 AM",4,4,0,0,0,0,0,0,0,0,0,0,871,511,360,,,,1,0,1,,,
"Feb 20, 2023 2:00 AM",0,0,0,0,0,0,0,0,0,0,0,0,68,48,20,,,,1,0,1,,,
"Feb 20, 2023 3:00 AM",0,0,0,0,0,0,0,0,0,0,0,0,6,3,3,,,,4,1,3,,,
"Feb 20, 2023 4:00 AM",0,0,0,0,0,0,0,0,0,0,0,0,125,55,70,,,,1,1,0,,,
"Feb 20, 2023 5:00 AM",3,1,2,0,0,0,0,0,0,0,0,0,452,187,265,,,,4,1,3,,,
"Feb 20, 2023 6:00 AM",46,19,27,9,3,6,17,8,9,0,0,0,402,179,223,,,,7,4,3,,,
"Feb 20, 2023 7:00 AM",58,29,29,19,5,14,24,11,13,0,0,0,1036,470,566,,,,43,16,27,,,
"Feb 20, 2023 8:00 AM",104,53,51,33,17,16,25,12,13,0,0,0,1829,779,1050,,,,117,79,38,,,
"Feb 20, 2023 9:00 AM",116,62,54,36,22,14,28,9,19,0,0,0,1210,494,716,,,,35,14,21,,,
"Feb 20, 2023 10:00 AM",127,76,51,42,19,23,33,14,19,0,0,0,1290,553,737,,,,30,15,15,,,
"Feb 20, 2023 11:00 AM",151,77,74,50,23,27,30,19,11,0,0,0,773,353,420,,,,42,13,29,,,
"Feb 20, 2023 12:00 PM",150,90,60,41,17,24,37,24,13,0,0,0,1022,423,599,,,,50,28,22,,,
"Feb 20, 2023 1:00 PM",207,103,104,59,31,28,64,30,34,0,0,0,948,431,517,,,,77,40,37,,,
"Feb 20, 2023 2:00 PM",160,85,75,32,13,19,36,15,21,0,0,0,1471,656,815,,,,88,40,48,,,
"Feb 20, 2023 3:00 PM",141,82,59,42,29,13,28,9,19,0,0,0,2063,831,1232,,,,97,29,68,,,
"Feb 20, 2023 4:00 PM",149,74,75,36,18,18,45,25,20,0,0,0,1344,557,787,,,,65,23,42,,,
"Feb 20, 2023 5:00 PM",200,106,94,41,30,11,49,33,16,0,0,0,1086,429,657,,,,75,33,42,,,
"Feb 20, 2023 6:00 PM",154,63,91,53,34,19,51,34,17,0,0,0,1048,431,617,,,,70,30,40,,,
"Feb 20, 2023 7:00 PM",132,78,54,71,33,38,39,19,20,0,0,0,626,275,351,,,,43,27,16,,,
"Feb 20, 2023 8:00 PM",105,62,43,30,19,11,32,19,13,0,0,0,561,234,327,,,,40,13,27,,,
"Feb 20, 2023 9:00 PM",65,40,25,13,7,6,20,12,8,0,0,0,1012,426,586,,,,34,14,20,,,
"Feb 20, 2023 10:00 PM",14,10,4,14,5,9,3,0,3,0,0,0,988,373,615,,,,8,5,3,,,
"Feb 20, 2023 11:00 PM",9,6,3,0,0,0,0,0,0,0,0,0,881,404,477,,,,5,3,2,,,
"Feb 21, 2023 12:00 AM",0,0,0,0,0,0,1,0,1,0,0,0,762,328,434,,,,7,4,3,,,
"Feb 21, 2023 1:00 AM",0,0,0,0,0,0,2,0,2,0,0,0,850,496,354,,,,0,0,0,,,
"Feb 21, 2023 2:00 AM",1,0,1,0,0,0,0,0,0,0,0,0,502,329,173,,,,1,0,1,,,
"Feb 21, 2023 3:00 AM",0,0,0,0,0,0,0,0,0,0,0,0,142,62,80,,,,0,0,0,,,
"Feb 21, 2023 4:00 AM",0,0,0,1,1,0,0,0,0,0,0,0,106,50,56,,,,1,1,0,,,
"Feb 21, 2023 5:00 AM",10,3,7,1,0,1,0,0,0,0,0,0,88,32,56,,,,4,1,3,,,
"Feb 21, 2023 6:00 AM",44,21,23,10,3,7,21,12,9,0,0,0,585,218,367,,,,9,4,5,,,
"Feb 21, 2023 7:00 AM",61,28,33,23,9,14,15,7,8,0,0,0,1072,399,673,,,,40,20,20,,,
"Feb 21, 2023 8:00 AM",84,43,41,38,9,29,29,15,14,0,0,0,1561,577,984,,,,138,98,40,,,
"Feb 21, 2023 9:00 AM",121,62,59,23,12,11,16,8,8,0,0,0,944,388,556,,,,47,25,22,,,
"Feb 21, 2023 10:00 AM",121,66,55,38,19,19,34,23,11,0,0,0,892,375,517,,,,64,28,36,,,
"Feb 21, 2023 11:00 AM",172,96,76,39,19,20,29,17,12,0,0,0,722,335,387,,,,51,19,32,,,
"Feb 21, 2023 12:00 PM",179,100,79,52,35,17,24,9,15,0,0,0,871,395,476,,,,74,34,40,,,
"Feb 21, 2023 1:00 PM",235,142,93,83,42,41,73,35,38,0,0,0,1486,614,872,,,,82,41,41,,,
"Feb 21, 2023 2:00 PM",206,101,105,36,18,18,40,20,20,0,0,0,1373,565,808,,,,117,43,74,,,
"Feb 21, 2023 3:00 PM",190,97,93,40,18,22,22,13,9,0,0,0,1038,411,627,,,,129,57,72,,,
"Feb 21, 2023 4:00 PM",161,80,81,59,36,23,46,19,27,0,0,0,1516,594,922,,,,68,30,38,,,
"Feb 21, 2023 5:00 PM",127,60,67,42,19,23,46,25,21,0,0,0,1310,506,804,,,,103,64,39,,,
"Feb 21, 2023 6:00 PM",163,77,86,76,47,29,61,35,26,0,0,0,1396,527,869,,,,89,42,47,,,
"Feb 21, 2023 7:00 PM",151,89,62,56,27,29,50,28,22,0,0,0,1201,454,747,,,,96,51,45,,,
"Feb 21, 2023 8:00 PM",103,62,41,39,15,24,25,12,13,0,0,0,859,444,415,,,,44,17,27,,,
"Feb 21, 2023 9:00 PM",56,29,27,16,9,7,17,10,7,0,0,0,866,395,471,,,,35,11,24,,,
"Feb 21, 2023 10:00 PM",23,17,6,5,4,1,9,4,5,0,0,0,961,378,583,,,,17,10,7,,,
"Feb 21, 2023 11:00 PM",4,2,2,1,1,0,1,0,1,0,0,0,993,393,600,,,,6,3,3,,,
"Feb 22, 2023 12:00 AM",0,0,0,0,0,0,0,0,0,0,0,0,495,173,322,,,,7,5,2,,,
"Feb 22, 2023 1:00 AM",0,0,0,0,0,0,1,1,0,0,,0,438,264,174,,,,2,2,0,,,
"Feb 22, 2023 2:00 AM",0,0,0,0,0,0,0,0,0,0,,0,399,372,27,,,,2,1,1,,,
"Feb 22, 2023 3:00 AM",0,0,0,0,0,0,0,0,0,0,0,0,17,12,5,,,,0,0,0,,,
"Feb 22, 2023 4:00 AM",0,0,0,1,0,1,0,0,0,0,0,0,52,28,24,,,,1,1,0,,,
"Feb 22, 2023 5:00 AM",6,3,3,1,1,0,0,0,0,0,,0,89,40,49,,,,5,1,4,,,
"Feb 22, 2023 6:00 AM",41,19,22,11,6,5,12,7,5,,,,255,137,118,,,,9,6,3,,,
"Feb 22, 2023 7:00 AM",56,27,29,35,13,22,19,9,10,,,,1068,482,586,,,,48,20,28,,,
"Feb 22, 2023 8:00 AM",77,35,42,38,17,21,21,11,10,,,,1991,695,1296,,,,102,72,30,,,
"Feb 22, 2023 9:00 AM",104,53,51,43,18,25,18,11,7,,,,1138,469,669,,,,42,11,31,,,
"Feb 22, 2023 10:00 AM",102,46,56,32,12,20,26,15,11,,,,963,405,558,,,,38,20,18,,,
"Feb 22, 2023 11:00 AM",136,87,49,37,19,18,22,12,10,,,,1088,479,609,,,,44,21,23,,,
"Feb 22, 2023 12:00 PM",125,69,56,36,16,20,22,15,7,0,,0,893,381,512,,,,35,9,26,,,
"Feb 22, 2023 1:00 PM",125,74,51,43,24,19,49,22,27,0,,0,1413,575,838,,,,64,29,35,,,
"Feb 22, 2023 2:00 PM",97,57,40,16,7,9,28,12,16,0,,0,1452,573,879,,,,69,26,43,,,
"Feb 22, 2023 3:00 PM",93,47,46,26,16,10,24,11,13,0,,0,1854,802,1052,,,,85,20,65,,,
"Feb 22, 2023 4:00 PM",99,72,27,47,29,18,26,15,11,0,,0,2193,841,1352,,,,112,51,61,,,
"Feb 22, 2023 5:00 PM",110,58,52,37,19,18,45,25,20,0,,0,2104,803,1301,,,,86,43,43,,,
"Feb 22, 2023 6:00 PM",118,53,65,53,26,27,43,28,15,0,,0,1795,663,1132,,,,72,29,43,,,
"Feb 22, 2023 7:00 PM",115,68,47,39,20,19,31,16,15,0,0,0,1231,514,717,,,,46,27,19,,,
"Feb 22, 2023 8:00 PM",82,50,32,28,12,16,23,11,12,0,0,0,908,451,457,,,,41,20,21,,,
"Feb 22, 2023 9:00 PM",38,25,13,15,10,5,14,6,8,0,0,0,2083,823,1260,,,,38,16,22,,,
"Feb 22, 2023 10:00 PM",12,8,4,1,0,1,3,0,3,0,0,0,2168,868,1300,,,,15,2,13,,,
"Feb 22, 2023 11:00 PM",4,2,2,2,2,0,3,2,1,0,0,0,1057,473,584,,,,7,3,4,,,
"Feb 23, 2023 12:00 AM",0,0,0,1,1,0,0,0,0,0,0,0,137,79,58,,,,7,6,1,,,
"Feb 23, 2023 1:00 AM",2,2,0,4,2,2,2,2,0,0,0,0,143,76,67,,,,3,2,1,,,
"Feb 23, 2023 2:00 AM",0,0,0,0,0,0,0,0,0,0,0,0,21,9,12,,,,2,1,1,,,
"Feb 23, 2023 3:00 AM",0,0,0,0,0,0,0,0,0,0,0,0,66,38,28,,,,1,1,0,,,
"Feb 23, 2023 4:00 AM",0,0,0,1,1,0,0,0,0,0,0,0,5,3,2,,,,3,1,2,,,
"Feb 23, 2023 5:00 AM",4,0,4,0,0,0,0,0,0,0,0,0,25,12,13,,,,2,0,2,,,
"Feb 23, 2023 6:00 AM",38,17,21,12,3,9,9,4,5,0,0,0,718,402,316,,,,14,8,6,,,
"Feb 23, 2023 7:00 AM",71,41,30,42,22,20,15,10,5,0,0,0,1758,770,988,,,,49,24,25,,,
"Feb 23, 2023 8:00 AM",105,62,43,35,8,27,27,12,15,0,0,0,1777,638,1139,,,,128,89,39,,,
"Feb 23, 2023 9:00 AM",96,54,42,35,16,19,29,15,14,0,0,0,1357,583,774,,,,44,21,23,,,
"Feb 23, 2023 10:00 AM",113,60,53,41,27,14,24,11,13,0,0,0,884,409,475,,,,40,16,24,,,
"Feb 23, 2023 11:00 AM",166,92,74,37,19,18,32,17,15,0,0,0,941,458,483,,,,41,25,16,,,
"Feb 23, 2023 12:00 PM",202,128,74,56,26,30,32,19,13,0,0,0,1109,553,556,,,,49,24,25,,,
"Feb 23, 2023 1:00 PM",217,122,95,63,33,30,45,31,14,0,0,0,1156,531,625,,,,74,37,37,,,
"Feb 23, 2023 2:00 PM",156,88,68,50,38,12,19,7,12,0,0,0,1583,662,921,,,,89,35,54,,,
"Feb 23, 2023 3:00 PM",128,66,62,22,14,8,24,11,13,0,0,0,1631,622,1009,,,,89,25,64,,,
"Feb 23, 2023 4:00 PM",104,56,48,34,14,20,27,14,13,0,0,0,1574,603,971,,,,76,32,44,,,
"Feb 23, 2023 5:00 PM",99,56,43,40,25,15,48,30,18,0,0,0,1805,713,1092,,,,72,33,39,,,
"Feb 23, 2023 6:00 PM",125,70,55,41,23,18,40,14,26,0,0,0,1341,502,839,,,,82,55,27,,,
"Feb 23, 2023 7:00 PM",96,54,42,39,20,19,38,21,17,0,0,0,1279,590,689,,,,62,30,32,,,
"Feb 23, 2023 8:00 PM",81,43,38,23,11,12,14,6,8,0,0,0,1888,849,1039,,,,37,15,22,,,
"Feb 23, 2023 9:00 PM",48,34,14,11,4,7,6,0,6,0,0,0,1453,527,926,,,,25,9,16,,,
"Feb 23, 2023 10:00 PM",18,10,8,4,1,3,7,3,4,0,0,0,1289,533,756,,,,9,5,4,,,
"Feb 23, 2023 11:00 PM",4,2,2,2,0,2,3,0,3,0,0,0,2286,804,1482,,,,8,5,3,,,
"Feb 24, 2023 12:00 AM",0,0,0,0,0,0,0,0,0,0,0,0,1022,424,598,,,,11,8,3,,,
"Feb 24, 2023 1:00 AM",0,0,0,2,1,1,1,0,1,0,0,0,826,521,305,,,,2,1,1,,,
"Feb 24, 2023 2:00 AM",0,0,0,0,0,0,3,0,3,0,0,0,1171,836,335,,,,2,0,2,,,
"Feb 24, 2023 3:00 AM",0,0,0,0,0,0,3,3,0,0,0,0,1369,831,538,,,,1,1,0,,,
"Feb 24, 2023 4:00 AM",0,0,0,0,0,0,0,0,0,0,0,0,819,612,207,,,,1,1,0,,,
"Feb 24, 2023 5:00 AM",9,2,7,4,4,0,1,1,0,0,0,0,27,17,10,,,,2,1,1,,,
"Feb 24, 2023 6:00 AM",43,18,25,6,2,4,8,5,3,0,0,0,606,262,344,,,,6,2,4,,,
"Feb 24, 2023 7:00 AM",58,33,25,31,13,18,26,12,14,0,0,0,1314,469,845,,,,39,18,21,,,
"Feb 24, 2023 8:00 AM",79,43,36,35,21,14,45,29,16,0,0,0,1732,650,1082,,,,112,78,34,,,
"Feb 24, 2023 9:00 AM",93,58,35,33,14,19,22,11,11,0,0,0,890,386,504,,,,40,20,20,,,
"Feb 24, 2023 10:00 AM",114,66,48,25,16,9,40,26,14,0,0,0,772,329,443,,,,34,15,19,,,
"Feb 24, 2023 11:00 AM",118,73,45,33,14,19,40,21,19,0,0,0,670,315,355,,,,27,11,16,,,
"Feb 24, 2023 12:00 PM",112,72,40,42,22,20,28,18,10,0,0,0,801,338,463,,,,59,26,33,,,
"Feb 24, 2023 1:00 PM",136,77,59,67,33,34,34,18,16,0,0,0,1199,493,706,,,,134,30,104,,,
"Feb 24, 2023 2:00 PM",93,48,45,26,16,10,32,20,12,0,0,0,706,314,392,,,,74,32,42,,,
"Feb 24, 2023 3:00 PM",90,51,39,37,13,24,28,18,10,0,0,0,1488,625,863,,,,58,16,42,,,
"Feb 24, 2023 4:00 PM",126,71,55,31,21,10,27,8,19,0,0,0,1727,659,1068,,,,64,35,29,,,
"Feb 24, 2023 5:00 PM",113,70,43,56,28,28,38,19,19,0,0,0,1709,729,980,,,,63,32,31,,,
"Feb 24, 2023 6:00 PM",108,64,44,54,22,32,32,18,14,0,0,0,1785,728,1057,,,,70,36,34,,,
"Feb 24, 2023 7:00 PM",95,46,49,19,12,7,25,9,16,0,0,0,907,395,512,,,,53,16,37,,,
"Feb 24, 2023 8:00 PM",55,34,21,15,8,7,21,11,10,0,0,0,656,284,372,,,,38,19,19,,,
"Feb 24, 2023 9:00 PM",29,13,16,11,4,7,8,3,5,0,0,0,1062,429,633,,,,33,15,18,,,
"Feb 24, 2023 10:00 PM",28,11,17,6,1,5,9,2,7,0,0,0,1336,505,831,,,,21,15,6,,,
"Feb 24, 2023 11:00 PM",7,4,3,1,1,0,6,0,6,0,0,0,1399,530,869,,,,17,8,9,,,
"Feb 25, 2023 12:00 AM",1,0,1,2,1,1,2,2,0,0,0,0,1497,663,834,,,,14,10,4,,,
"Feb 25, 2023 1:00 AM",2,2,0,1,0,1,0,0,0,0,0,0,699,374,325,,,,10,6,4,,,
"Feb 25, 2023 2:00 AM",3,2,1,0,0,0,0,0,0,0,0,0,492,363,129,,,,0,0,0,,,
"Feb 25, 2023 3:00 AM",1,1,0,0,0,0,1,0,1,0,0,0,262,223,39,,,,1,0,1,,,
"Feb 25, 2023 4:00 AM",0,0,0,0,0,0,0,0,0,0,0,0,149,90,59,,,,1,1,0,,,
"Feb 25, 2023 5:00 AM",1,0,1,3,1,2,1,1,0,0,0,0,152,118,34,,,,0,0,0,,,
"Feb 25, 2023 6:00 AM",21,4,17,4,2,2,3,0,3,0,0,0,79,35,44,,,,4,3,1,,,
"Feb 25, 2023 7:00 AM",56,31,25,18,7,11,19,13,6,0,0,0,731,355,376,,,,10,5,5,,,
"Feb 25, 2023 8:00 AM",67,34,33,37,25,12,25,18,7,0,0,0,991,390,601,,,,33,18,15,,,
"Feb 25, 2023 9:00 AM",146,76,70,58,26,32,39,20,19,0,0,0,759,337,422,,,,42,19,23,,,
"Feb 25, 2023 10:00 AM",200,108,92,88,52,36,52,23,29,0,0,0,719,366,353,,,,60,27,33,,,
"Feb 25, 2023 11:00 AM",260,136,124,88,55,33,82,47,35,0,0,0,893,450,443,,,,65,40,25,,,
"Feb 25, 2023 12:00 PM",232,135,97,109,57,52,53,28,25,0,0,0,1465,681,784,,,,71,28,43,,,
"Feb 25, 2023 1:00 PM",255,169,86,101,47,54,98,50,48,0,0,0,1614,750,864,,,,90,50,40,,,
"Feb 25, 2023 2:00 PM",238,130,108,70,42,28,46,29,17,0,0,0,1354,637,717,,,,55,26,29,,,
"Feb 25, 2023 3:00 PM",219,117,102,41,28,13,48,23,25,0,0,0,1160,499,661,,,,39,18,21,,,
"Feb 25, 2023 4:00 PM",186,99,87,36,18,18,35,17,18,0,0,0,1158,522,636,,,,53,26,27,,,
"Feb 25, 2023 5:00 PM",154,78,76,59,35,24,32,18,14,0,0,0,1534,698,836,,,,48,19,29,,,
"Feb 25, 2023 6:00 PM",116,59,57,24,13,11,26,16,10,0,0,0,1467,577,890,,,,40,20,20,,,
"Feb 25, 2023 7:00 PM",68,34,34,24,11,13,15,5,10,0,0,0,1326,605,721,,,,71,33,38,,,
"Feb 25, 2023 8:00 PM",50,24,26,16,7,9,11,5,6,0,0,0,1073,482,591,,,,35,16,19,,,
"Feb 25, 2023 9:00 PM",21,11,10,8,2,6,3,2,1,0,0,0,1085,470,615,,,,37,17,20,,,
"Feb 25, 2023 10:00 PM",7,5,2,4,1,3,8,4,4,0,0,0,1283,594,689,,,,4,2,2,,,
"Feb 25, 2023 11:00 PM",11,5,6,1,0,1,8,7,1,0,0,0,1721,787,934,,,,9,3,6,,,
"Feb 26, 2023 12:00 AM",0,0,0,0,0,0,2,1,1,0,0,0,724,343,381,,,,5,3,2,,,
"Feb 26, 2023 1:00 AM",1,1,0,1,1,0,0,0,0,0,0,0,458,264,194,,,,8,6,2,,,
"Feb 26, 2023 2:00 AM",1,0,1,1,1,0,1,1,0,0,0,0,76,53,23,,,,4,3,1,,,
"Feb 26, 2023 3:00 AM",1,1,0,0,0,0,0,0,0,0,0,0,188,115,73,,,,6,1,5,,,
"Feb 26, 2023 4:00 AM",1,0,1,0,0,0,0,0,0,0,0,0,155,45,110,,,,1,1,0,,,
"Feb 26, 2023 5:00 AM",1,0,1,0,0,0,0,0,0,0,,0,153,94,59,,,,1,0,1,,,
"Feb 26, 2023 6:00 AM",10,6,4,1,1,0,1,0,1,0,,0,42,29,13,,,,1,1,0,,,
"Feb 26, 2023 7:00 AM",33,16,17,6,3,3,8,5,3,0,,0,157,93,64,,,,3,2,1,,,
"Feb 26, 2023 8:00 AM",73,35,38,24,11,13,26,15,11,0,,0,454,222,232,,,,16,9,7,,,
"Feb 26, 2023 9:00 AM",141,81,60,47,26,21,62,37,25,0,,0,624,313,311,,,,52,38,14,,,
"Feb 26, 2023 10:00 AM",209,111,98,61,31,30,48,23,25,0,,0,572,311,261,,,,63,24,39,,,
"Feb 26, 2023 11:00 AM",386,239,147,83,51,32,96,56,40,0,0,0,1194,600,594,,,,79,32,47,,,
"Feb 26, 2023 12:00 PM",349,218,131,74,27,47,68,30,38,0,,0,1082,541,541,,,,45,24,21,,,
"Feb 26, 2023 1:00 PM",421,249,172,77,37,40,74,40,34,0,,0,1079,531,548,,,,49,23,26,,,
"Feb 26, 2023 2:00 PM",463,273,190,87,58,29,88,43,45,0,,0,1303,689,614,,,,59,24,35,,,
"Feb 26, 2023 3:00 PM",497,258,239,88,58,30,70,32,38,0,,0,1514,683,831,,,,61,26,35,,,
"Feb 26, 2023 4:00 PM",348,179,169,77,38,39,61,28,33,0,0,0,1494,653,841,,,,47,22,25,,,
"Feb 26, 2023 5:00 PM",198,99,99,67,37,30,38,23,15,0,0,0,1347,605,742,,,,27,14,13,,,
"Feb 26, 2023 6:00 PM",109,52,57,34,16,18,54,17,37,0,0,0,1163,558,605,,,,29,21,8,,,
"Feb 26, 2023 7:00 PM",79,45,34,18,7,11,8,3,5,0,0,0,1211,594,617,,,,21,10,11,,,
"Feb 26, 2023 8:00 PM",43,29,14,27,14,13,12,7,5,0,0,0,957,519,438,,,,35,21,14,,,
"Feb 26, 2023 9:00 PM",23,12,11,4,1,3,9,5,4,0,0,0,1669,629,1040,,,,9,5,4,,,
"Feb 26, 2023 10:00 PM",14,7,7,1,1,0,5,2,3,0,0,0,1187,593,594,,,,5,2,3,,,
"Feb 26, 2023 11:00 PM",1,1,0,4,1,3,3,2,1,0,0,0,1587,871,716,,,,4,3,1,,,
"Feb 27, 2023 12:00 AM",1,1,0,0,0,0,1,0,1,0,0,0,1004,703,301,,,,6,4,2,,,
"Feb 27, 2023 1:00 AM",0,0,0,0,0,0,0,0,0,0,0,0,552,338,214,,,,1,1,0,,,
"Feb 27, 2023 2:00 AM",0,0,0,0,0,0,0,0,0,0,0,0,571,273,298,,,,0,0,0,,,
"Feb 27, 2023 3:00 AM",0,0,0,0,0,0,0,0,0,0,0,0,135,54,81,,,,0,0,0,,,
"Feb 27, 2023 4:00 AM",1,1,0,0,0,0,0,0,0,0,0,0,40,29,11,,,,4,2,2,,,
"Feb 27, 2023 5:00 AM",6,2,4,0,0,0,0,0,0,0,0,0,173,110,63,,,,6,2,4,,,
"Feb 27, 2023 6:00 AM",35,13,22,13,7,6,13,6,7,0,0,0,228,121,107,,,,8,5,3,,,
"Feb 27, 2023 7:00 AM",55,24,31,35,12,23,19,8,11,0,0,0,1058,426,632,,,,38,16,22,,,
"Feb 27, 2023 8:00 AM",84,44,40,40,14,26,32,17,15,0,0,0,1551,693,858,,,,112,75,37,,,
"Feb 27, 2023 9:00 AM",81,50,31,27,13,14,22,12,10,0,0,0,1120,498,622,,,,38,22,16,,,
"Feb 27, 2023 10:00 AM",81,43,38,27,17,10,26,15,11,0,0,0,867,425,442,,,,25,12,13,,,
"Feb 27, 2023 11:00 AM",92,54,38,34,17,17,18,9,9,0,0,0,894,503,391,,,,38,17,21,,,
"Feb 27, 2023 12:00 PM",66,39,27,21,7,14,25,11,14,0,0,0,872,360,512,,,,45,21,24,,,
"Feb 27, 2023 1:00 PM",104,62,42,42,27,15,32,17,15,0,0,0,1187,583,604,,,,62,30,32,,,
"Feb 27, 2023 2:00 PM",74,40,34,19,11,8,19,8,11,0,0,0,772,306,466,,,,59,26,33,,,
"Feb 27, 2023 3:00 PM",78,32,46,37,19,18,16,6,10,0,0,0,1345,525,820,,,,97,19,78,,,
"Feb 27, 2023 4:00 PM",79,38,41,24,17,7,20,15,5,0,0,0,1550,577,973,,,,77,29,48,,,
"Feb 27, 2023 5:00 PM",109,58,51,47,33,14,53,27,26,0,0,0,2074,809,1265,,,,54,29,25,,,
"Feb 27, 2023 6:00 PM",108,61,47,45,22,23,30,18,12,0,0,0,1033,497,536,,,,83,41,42,,,
"Feb 27, 2023 7:00 PM",116,64,52,47,23,24,35,10,25,0,0,0,711,373,338,,,,49,32,17,,,
"Feb 27, 2023 8:00 PM",92,58,34,19,5,14,36,17,19,0,0,0,639,324,315,,,,47,24,23,,,
"Feb 27, 2023 9:00 PM",52,30,22,18,7,11,10,3,7,0,0,0,977,446,531,,,,21,10,11,,,
"Feb 27, 2023 10:00 PM",17,9,8,8,4,4,5,0,5,0,0,0,919,388,531,,,,8,4,4,,,
"Feb 27, 2023 11:00 PM",4,2,2,3,1,2,1,0,1,0,0,0,1165,514,651,,,,5,3,2,,,
"Feb 28, 2023 12:00 AM",2,2,0,0,0,0,0,0,0,0,0,0,430,241,189,,,,2,2,0,,,
"Feb 28, 2023 1:00 AM",1,1,0,0,0,0,0,0,0,0,0,0,545,230,315,,,,2,2,0,,,
"Feb 28, 2023 2:00 AM",0,0,0,0,0,0,0,0,0,0,0,0,584,327,257,,,,0,0,0,,,
"Feb 28, 2023 3:00 AM",0,0,0,0,0,0,0,0,0,0,0,0,264,161,103,,,,1,1,0,,,
"Feb 28, 2023 4:00 AM",0,0,0,0,0,0,0,0,0,0,,0,37,23,14,,,,1,1,0,,,
"Feb 28, 2023 5:00 AM",3,0,3,0,0,0,0,0,0,0,,0,50,24,26,,,,4,1,3,,,
"Feb 28, 2023 6:00 AM",35,15,20,8,5,3,9,5,4,,,,210,107,103,,,,8,3,5,,,
"Feb 28, 2023 7:00 AM",53,20,33,30,9,21,14,6,8,,,,1033,415,618,,,,44,19,25,,,
"Feb 28, 2023 8:00 AM",75,43,32,50,19,31,21,12,9,,,,1984,809,1175,,,,136,97,39,,,
"Feb 28, 2023 9:00 AM",72,42,30,28,21,7,24,11,13,0,,0,1355,613,742,,,,63,30,33,,,
"Feb 28, 2023 10:00 AM",74,39,35,22,5,17,21,17,4,0,,0,1010,481,529,,,,46,15,31,,,
"Feb 28, 2023 11:00 AM",124,72,52,34,16,18,28,14,14,0,,0,807,383,424,,,,35,13,22,,,
"Feb 28, 2023 12:00 PM",115,72,43,30,19,11,32,17,15,0,,0,1336,588,748,,,,58,31,27,,,
"Feb 28, 2023 1:00 PM",138,73,65,30,11,19,32,17,15,0,,0,1888,803,1085,,,,72,33,39,,,
"Feb 28, 2023 2:00 PM",78,40,38,22,8,14,23,6,17,0,,0,1312,564,748,,,,90,27,63,,,
"Feb 28, 2023 3:00 PM",96,44,52,21,16,5,17,13,4,0,,0,1532,699,833,,,,104,11,93,,,
"Feb 28, 2023 4:00 PM",81,45,36,23,12,11,21,9,12,0,,0,1782,737,1045,,,,83,35,48,,,
"Feb 28, 2023 5:00 PM",80,43,37,37,25,12,25,16,9,,,,2056,867,1189,,,,95,42,53,,,
"Feb 28, 2023 6:00 PM",106,64,42,59,29,30,45,23,22,,,,1346,567,779,,,,75,43,32,,,
"Feb 28, 2023 7:00 PM",96,50,46,49,19,30,48,20,28,,,,1194,552,642,,,,52,25,27,,,
"Feb 28, 2023 8:00 PM",93,48,45,46,17,29,19,10,9,,,,1617,685,932,,,,31,12,19,,,
"Feb 28, 2023 9:00 PM",51,34,17,7,2,5,10,2,8,0,0,0,2170,936,1234,,,,15,5,10,,,
"Feb 28, 2023 10:00 PM",14,10,4,2,2,0,6,3,3,,,,1008,394,614,,,,8,4,4,,,
"Feb 28, 2023 11:00 PM",1,1,0,3,1,2,2,0,2,,,,1076,448,628,,,,3,2,1,,,
"Mar 1, 2023 12:00 AM",0,0,0,0,0,0,0,0,0,,,,744,432,312,,,,6,5,1,,,
"Mar 1, 2023 1:00 AM",0,0,0,0,0,0,0,0,0,,,,315,193,122,,,,0,0,0,,,
"Mar 1, 2023 2:00 AM",0,0,0,0,0,0,0,0,0,,,,139,43,96,,,,0,0,0,,,
"Mar 1, 2023 3:00 AM",1,0,1,0,0,0,0,0,0,,,,154,111,43,,,,1,1,0,,,
"Mar 1, 2023 4:00 AM",0,0,0,0,0,0,0,0,0,0,0,0,116,88,28,,,,0,0,0,,,
"Mar 1, 2023 5:00 AM",9,5,4,1,0,1,0,0,0,0,0,0,61,37,24,,,,6,3,3,,,
"Mar 1, 2023 6:00 AM",30,14,16,10,5,5,12,8,4,0,0,0,474,244,230,,,,8,6,2,,,
"Mar 1, 2023 7:00 AM",47,15,32,24,8,16,18,8,10,0,0,0,1511,703,808,,,,47,21,26,,,
"Mar 1, 2023 8:00 AM",74,37,37,35,17,18,18,7,11,0,0,0,1640,654,986,,,,104,71,33,,,
"Mar 1, 2023 9:00 AM",55,25,30,21,12,9,20,9,11,0,0,0,770,331,439,,,,37,19,18,,,
"Mar 1, 2023 10:00 AM",86,51,35,19,9,10,23,12,11,0,0,0,1174,580,594,,,,30,16,14,,,
"Mar 1, 2023 11:00 AM",88,51,37,26,16,10,44,27,17,0,,0,864,480,384,,,,32,15,17,,,
"Mar 1, 2023 12:00 PM",104,61,43,45,28,17,40,27,13,,,,1030,484,546,,,,61,30,31,,,
"Mar 1, 2023 1:00 PM",172,96,76,33,16,17,66,37,29,,,,1631,683,948,,,,81,41,40,,,
"Mar 1, 2023 2:00 PM",147,73,74,43,19,24,21,13,8,0,,0,1149,522,627,,,,121,30,91,,,
"Mar 1, 2023 3:00 PM",119,68,51,39,27,12,22,10,12,0,,0,1750,811,939,,,,120,39,81,,,
"Mar 1, 2023 4:00 PM",99,62,37,27,16,11,33,14,19,,,,2203,1063,1140,,,,77,45,32,,,
"Mar 1, 2023 5:00 PM",83,41,42,42,26,16,30,18,12,,,,1771,785,986,,,,82,38,44,,,
"Mar 1, 2023 6:00 PM",95,56,39,53,21,32,24,11,13,,,,1529,646,883,,,,69,32,37,,,
"Mar 1, 2023 7:00 PM",121,59,62,48,28,20,27,13,14,,,,916,430,486,,,,50,25,25,,,
"Mar 1, 2023 8:00 PM",85,43,42,28,11,17,31,20,11,,,,967,402,565,,,,31,17,14,,,
"Mar 1, 2023 9:00 PM",31,14,17,14,8,6,20,8,12,0,0,0,1010,482,528,,,,13,3,10,,,
"Mar 1, 2023 10:00 PM",20,9,11,8,3,5,5,1,4,0,0,0,1078,532,546,,,,19,8,11,,,
"Mar 1, 2023 11:00 PM",2,2,0,0,0,0,1,1,0,0,0,0,764,365,399,,,,8,6,2,,,
"Mar 2, 2023 12:00 AM",0,0,0,1,1,0,0,0,0,0,0,0,491,268,223,,,,8,7,1,,,
"Mar 2, 2023 1:00 AM",0,0,0,0,0,0,0,0,0,,,,12,9,3,,,,5,4,1,,,
"Mar 2, 2023 2:00 AM",0,0,0,0,0,0,1,0,1,,,,7,3,4,,,,0,0,0,,,
"Mar 2, 2023 3:00 AM",2,0,2,0,0,0,0,0,0,,,,34,22,12,,,,1,1,0,,,
"Mar 2, 2023 4:00 AM",0,0,0,0,0,0,0,0,0,,,,351,163,188,,,,0,0,0,,,
"Mar 2, 2023 5:00 AM",5,0,5,1,1,0,1,1,0,,,,258,89,169,,,,2,0,2,,,
"Mar 2, 2023 6:00 AM",28,13,15,14,6,8,6,4,2,,,,193,93,100,,,,10,3,7,,,
"Mar 2, 2023 7:00 AM",42,17,25,25,5,20,18,9,9,,,,1027,444,583,,,,44,24,20,,,
"Mar 2, 2023 8:00 AM",57,25,32,36,16,20,19,10,9,,,,1751,710,1041,,,,118,76,42,,,
"Mar 2, 2023 9:00 AM",71,43,28,28,13,15,17,12,5,0,0,0,901,388,513,,,,47,22,25,,,
"Mar 2, 2023 10:00 AM",72,37,35,28,13,15,25,15,10,0,0,0,524,267,257,,,,37,18,19,,,
"Mar 2, 2023 11:00 AM",159,83,76,34,21,13,31,16,15,,,,651,285,366,,,,34,16,18,,,
"Mar 2, 2023 12:00 PM",111,60,51,27,17,10,36,19,17,,,,668,334,334,,,,41,25,16,,,
"Mar 2, 2023 1:00 PM",129,60,69,42,28,14,28,14,14,0,0,0,881,396,485,,,,53,24,29,,,
"Mar 2, 2023 2:00 PM",117,63,54,34,20,14,18,9,9,0,0,0,809,333,476,,,,60,29,31,,,
"Mar 2, 2023 3:00 PM",99,49,50,35,22,13,28,17,11,0,,0,1256,482,774,,,,89,19,70,,,
"Mar 2, 2023 4:00 PM",92,55,37,22,10,12,31,16,15,0,0,0,1243,497,746,,,,81,34,47,,,
"Mar 2, 2023 5:00 PM",77,37,40,47,32,15,44,25,19,0,0,0,1185,495,690,,,,86,47,39,,,
"Mar 2, 2023 6:00 PM",93,49,44,35,15,20,28,14,14,0,0,0,1367,590,777,,,,76,39,37,,,
"Mar 2, 2023 7:00 PM",106,60,46,23,14,9,23,13,10,0,0,0,904,411,493,,,,65,29,36,,,
"Mar 2, 2023 8:00 PM",96,53,43,23,10,13,24,9,15,0,0,0,887,394,493,,,,39,13,26,,,
"Mar 2, 2023 9:00 PM",44,23,21,16,3,13,11,3,8,0,0,0,1123,483,640,,,,15,6,9,,,
"Mar 2, 2023 10:00 PM",14,11,3,3,1,2,8,1,7,0,0,0,1430,594,836,,,,16,8,8,,,
"Mar 2, 2023 11:00 PM",3,2,1,3,2,1,3,1,2,0,0,0,613,282,331,,,,5,3,2,,,
"Mar 3, 2023 12:00 AM",0,0,0,2,1,1,2,1,1,0,0,0,436,278,158,,,,15,13,2,,,
"Mar 3, 2023 1:00 AM",1,0,1,6,4,2,0,0,0,0,0,0,226,100,126,,,,0,0,0,,,
"Mar 3, 2023 2:00 AM",2,1,1,55,24,31,0,0,0,0,0,0,42,28,14,,,,2,1,1,,,
"Mar 3, 2023 3:00 AM",0,0,0,69,37,32,3,3,0,0,0,0,8,2,6,,,,1,1,0,,,
"Mar 3, 2023 4:00 AM",0,0,0,0,0,0,0,0,0,0,0,0,91,50,41,,,,0,0,0,,,
"Mar 3, 2023 5:00 AM",5,3,2,2,2,0,0,0,0,0,0,0,284,167,117,,,,5,2,3,,,
"Mar 3, 2023 6:00 AM",33,13,20,17,9,8,12,9,3,0,0,0,399,211,188,,,,10,6,4,,,
"Mar 3, 2023 7:00 AM",57,27,30,34,17,17,25,12,13,0,0,0,1017,466,551,,,,44,19,25,,,
"Mar 3, 2023 8:00 AM",77,43,34,45,19,26,25,12,13,0,0,0,1260,509,751,,,,114,81,33,,,
"Mar 3, 2023 9:00 AM",106,56,50,35,20,15,25,12,13,0,0,0,778,318,460,,,,43,25,18,,,
"Mar 3, 2023 10:00 AM",93,51,42,40,27,13,31,20,11,0,0,0,633,262,371,,,,33,16,17,,,
"Mar 3, 2023 11:00 AM",60,32,28,31,20,11,23,11,12,0,0,0,1316,563,753,,,,42,15,27,,,
"Mar 3, 2023 12:00 PM",77,40,37,36,18,18,39,20,19,0,0,0,1426,603,823,,,,33,12,21,,,
"Mar 3, 2023 1:00 PM",99,58,41,34,21,13,14,8,6,0,0,0,1230,535,695,,,,105,27,78,,,
"Mar 3, 2023 2:00 PM",94,52,42,36,19,17,22,12,10,0,0,0,814,304,510,,,,67,26,41,,,
"Mar 3, 2023 3:00 PM",98,53,45,22,10,12,30,20,10,0,0,0,1176,501,675,,,,89,30,59,,,
"Mar 3, 2023 4:00 PM",69,36,33,30,17,13,28,15,13,0,0,0,1354,507,847,,,,42,19,23,,,
"Mar 3, 2023 5:00 PM",104,51,53,39,23,16,54,23,31,0,0,0,1528,597,931,,,,61,37,24,,,
"Mar 3, 2023 6:00 PM",122,75,47,50,23,27,32,17,15,0,0,0,1183,483,700,,,,74,45,29,,,
"Mar 3, 2023 7:00 PM",83,44,39,32,20,12,19,10,9,0,0,0,1188,460,728,,,,43,13,30,,,
"Mar 3, 2023 8:00 PM",54,31,23,14,7,7,10,4,6,0,0,0,844,310,534,,,,51,26,25,,,
"Mar 3, 2023 9:00 PM",49,28,21,21,8,13,12,7,5,0,0,0,1049,464,585,,,,24,7,17,,,
"Mar 3, 2023 10:00 PM",19,12,7,2,2,0,11,9,2,0,0,0,754,276,478,,,,14,11,3,,,
"Mar 3, 2023 11:00 PM",10,6,4,2,0,2,10,4,6,0,0,0,938,356,582,,,,11,7,4,,,
"Mar 4, 2023 12:00 AM",0,0,0,9,4,5,4,2,2,,,,441,205,236,,,,13,10,3,,,
"Mar 4, 2023 1:00 AM",2,2,0,17,8,9,1,1,0,,,,865,359,506,,,,4,3,1,,,
"Mar 4, 2023 2:00 AM",3,0,3,2,1,1,0,0,0,,,,312,132,180,,,,19,15,4,,,
"Mar 4, 2023 3:00 AM",2,2,0,0,0,0,1,1,0,,,,282,109,173,,,,24,5,19,,,
"Mar 4, 2023 4:00 AM",1,0,1,0,0,0,0,0,0,,,,26,16,10,,,,2,1,1,,,
"Mar 4, 2023 5:00 AM",0,0,0,1,1,0,2,2,0,,,,281,139,142,,,,1,1,0,,,
"Mar 4, 2023 6:00 AM",19,4,15,1,0,1,4,3,1,,,,269,164,105,,,,7,3,4,,,
"Mar 4, 2023 7:00 AM",38,17,21,21,13,8,19,12,7,,,,754,364,390,,,,17,8,9,,,
"Mar 4, 2023 8:00 AM",74,45,29,40,28,12,36,20,16,,,,1239,566,673,,,,32,7,25,,,
"Mar 4, 2023 9:00 AM",103,54,49,55,20,35,34,14,20,,,,952,415,537,,,,41,20,21,,,
"Mar 4, 2023 10:00 AM",177,94,83,71,34,37,46,22,24,,,,1002,453,549,,,,48,27,21,,,
"Mar 4, 2023 11:00 AM",165,90,75,68,36,32,52,26,26,,,,934,381,553,,,,53,30,23,,,
"Mar 4, 2023 12:00 PM",220,128,92,74,39,35,55,33,22,,,,749,364,385,,,,50,28,22,,,
"Mar 4, 2023 1:00 PM",181,99,82,53,27,26,67,28,39,,,,965,368,597,,,,71,37,34,,,
"Mar 4, 2023 2:00 PM",183,93,90,64,38,26,51,28,23,,,,1190,513,677,,,,38,8,30,,,
"Mar 4, 2023 3:00 PM",204,104,100,77,45,32,56,27,29,,,,1184,537,647,,,,42,19,23,,,
"Mar 4, 2023 4:00 PM",185,102,83,58,31,27,65,45,20,,,,1438,588,850,,,,75,50,25,,,
"Mar 4, 2023 5:00 PM",115,61,54,34,17,17,33,10,23,,,,1528,548,980,,,,77,31,46,,,
"Mar 4, 2023 6:00 PM",113,64,49,25,15,10,17,6,11,,,,1150,463,687,,,,52,32,20,,,
"Mar 4, 2023 7:00 PM",90,50,40,31,19,12,23,11,12,,,,1166,491,675,,,,106,53,53,,,
"Mar 4, 2023 8:00 PM",46,22,24,14,9,5,12,6,6,,,,863,378,485,,,,40,19,21,,,
"Mar 4, 2023 9:00 PM",47,27,20,17,6,11,21,11,10,,,,864,342,522,,,,54,29,25,,,
"Mar 4, 2023 10:00 PM",16,8,8,10,4,6,11,6,5,,,,1316,502,814,,,,17,4,13,,,
"Mar 4, 2023 11:00 PM",5,4,1,4,1,3,2,1,1,,,,1062,462,600,,,,11,7,4,,,
"Mar 5, 2023 12:00 AM",0,0,0,0,0,0,5,2,3,,,,1275,425,850,,,,3,1,2,,,
"Mar 5, 2023 1:00 AM",1,1,0,3,1,2,0,0,0,,,,694,203,491,,,,5,3,2,,,
"Mar 5, 2023 2:00 AM",1,1,0,1,1,0,0,0,0,,,,715,300,415,,,,3,3,0,,,
"Mar 5, 2023 3:00 AM",0,0,0,0,0,0,1,1,0,,,,255,112,143,,,,0,0,0,,,
"Mar 5, 2023 4:00 AM",0,0,0,1,0,1,1,0,1,,,,162,82,80,,,,2,1,1,,,
"Mar 5, 2023 5:00 AM",0,0,0,0,0,0,0,0,0,,,,96,48,48,,,,3,2,1,,,
"Mar 5, 2023 6:00 AM",9,4,5,4,2,2,1,1,0,,,,57,24,33,,,,4,1,3,,,
"Mar 5, 2023 7:00 AM",27,15,12,8,4,4,12,7,5,0,,0,123,52,71,,,,5,2,3,,,
"Mar 5, 2023 8:00 AM",76,48,28,40,24,16,25,19,6,,,,362,161,201,,,,23,9,14,,,
"Mar 5, 2023 9:00 AM",184,85,99,68,38,30,44,30,14,,,,946,435,511,,,,45,23,22,,,
"Mar 5, 2023 10:00 AM",207,120,87,81,42,39,77,46,31,,,,1022,518,504,,,,41,24,17,,,
"Mar 5, 2023 11:00 AM",299,185,114,112,59,53,96,50,46,,,,674,297,377,,,,60,32,28,,,
"Mar 5, 2023 12:00 PM",429,240,189,105,56,49,65,50,15,,,,891,409,482,,,,50,28,22,,,
"Mar 5, 2023 1:00 PM",418,245,173,88,49,39,85,43,42,0,0,0,1061,578,483,,,,60,33,27,,,
"Mar 5, 2023 2:00 PM",586,354,232,99,60,39,78,42,36,0,0,0,1049,441,608,,,,83,51,32,,,
"Mar 5, 2023 3:00 PM",534,296,238,73,43,30,81,36,45,0,0,0,908,415,493,,,,59,28,31,,,
"Mar 5, 2023 4:00 PM",435,236,199,78,38,40,75,50,25,0,0,0,1300,601,699,,,,59,31,28,,,
"Mar 5, 2023 5:00 PM",254,126,128,50,22,28,57,30,27,0,0,0,942,464,478,,,,43,23,20,,,
"Mar 5, 2023 6:00 PM",131,76,55,31,15,16,26,18,8,0,0,0,1025,511,514,,,,42,16,26,,,
"Mar 5, 2023 7:00 PM",79,35,44,14,6,8,30,13,17,0,0,0,905,390,515,,,,45,25,20,,,
"Mar 5, 2023 8:00 PM",60,39,21,25,16,9,9,5,4,0,0,0,689,318,371,,,,27,11,16,,,
"Mar 5, 2023 9:00 PM",33,13,20,18,8,10,6,3,3,0,0,0,1279,575,704,,,,7,4,3,,,
"Mar 5, 2023 10:00 PM",10,6,4,2,1,1,9,2,7,0,0,0,995,497,498,,,,9,4,5,,,
"Mar 5, 2023 11:00 PM",4,1,3,3,1,2,1,0,1,0,0,0,1258,702,556,,,,5,5,0,,,
"Mar 6, 2023 12:00 AM",0,0,0,1,1,0,2,1,1,,,,938,508,430,,,,5,2,3,,,
"Mar 6, 2023 1:00 AM",0,0,0,2,2,0,0,0,0,,,,1081,576,505,,,,0,0,0,,,
"Mar 6, 2023 2:00 AM",0,0,0,0,0,0,0,0,0,,,,247,112,135,,,,0,0,0,,,
"Mar 6, 2023 3:00 AM",0,0,0,0,0,0,0,0,0,,,,88,47,41,,,,1,1,0,,,
"Mar 6, 2023 4:00 AM",0,0,0,1,1,0,0,0,0,,,,70,49,21,,,,0,0,0,,,
"Mar 6, 2023 5:00 AM",6,3,3,1,1,0,0,0,0,,,,31,18,13,,,,4,1,3,,,
"Mar 6, 2023 6:00 AM",37,17,20,16,10,6,13,8,5,,,,351,164,187,,,,7,5,2,,,
"Mar 6, 2023 7:00 AM",41,22,19,25,7,18,8,3,5,,,,1247,580,667,,,,39,17,22,,,
"Mar 6, 2023 8:00 AM",87,47,40,36,12,24,20,8,12,,,,1651,686,965,,,,116,81,35,,,
"Mar 6, 2023 9:00 AM",104,59,45,30,18,12,24,11,13,,,,990,414,576,,,,54,30,24,,,
"Mar 6, 2023 10:00 AM",98,48,50,35,11,24,22,9,13,,,,616,293,323,,,,29,17,12,,,
"Mar 6, 2023 11:00 AM",92,50,42,26,13,13,21,11,10,,,,525,302,223,,,,45,22,23,,,
"Mar 6, 2023 12:00 PM",100,58,42,28,18,10,32,17,15,,,,726,381,345,,,,46,20,26,,,
"Mar 6, 2023 1:00 PM",66,33,33,17,11,6,29,21,8,,,,1042,529,513,,,,52,24,28,,,
"Mar 6, 2023 2:00 PM",24,12,12,6,3,3,9,4,5,,,,797,334,463,,,,51,24,27,,,
"Mar 6, 2023 3:00 PM",20,12,8,10,8,2,5,3,2,,,,1223,496,727,,,,78,13,65,,,
"Mar 6, 2023 4:00 PM",29,13,16,12,9,3,6,5,1,,,,1590,668,922,,,,48,16,32,,,
"Mar 6, 2023 5:00 PM",29,14,15,14,7,7,17,9,8,,,,1363,590,773,,,,64,34,30,,,
"Mar 6, 2023 6:00 PM",44,24,20,27,13,14,13,8,5,,,,1622,708,914,,,,51,27,24,,,
"Mar 6, 2023 7:00 PM",37,24,13,23,17,6,19,14,5,,,,1351,636,715,,,,37,26,11,,,
"Mar 6, 2023 8:00 PM",38,21,17,13,6,7,8,4,4,,,,1126,523,603,,,,22,11,11,,,
"Mar 6, 2023 9:00 PM",16,12,4,19,8,11,7,3,4,,,,800,393,407,,,,12,4,8,,,
"Mar 6, 2023 10:00 PM",8,4,4,2,1,1,2,1,1,,,,1314,555,759,,,,7,4,3,,,
"Mar 6, 2023 11:00 PM",2,1,1,1,0,1,2,0,2,,,,543,329,214,,,,5,4,1,,,
"Mar 7, 2023 12:00 AM",0,0,0,0,0,0,0,0,0,,,,928,380,548,,,,3,2,1,,,
"Mar 7, 2023 1:00 AM",0,0,0,1,1,0,0,0,0,,,,404,210,194,,,,4,3,1,,,
"Mar 7, 2023 2:00 AM",0,0,0,0,0,0,0,0,0,,,,222,102,120,,,,0,0,0,,,
"Mar 7, 2023 3:00 AM",0,0,0,0,0,0,0,0,0,,,,50,30,20,,,,1,0,1,,,
"Mar 7, 2023 4:00 AM",1,0,1,0,0,0,0,0,0,,,,392,247,145,,,,3,2,1,,,
"Mar 7, 2023 5:00 AM",8,3,5,2,1,1,2,1,1,,,,13,9,4,,,,2,0,2,,,
"Mar 7, 2023 6:00 AM",33,14,19,14,6,8,13,7,6,,,,252,131,121,,,,12,8,4,,,
"Mar 7, 2023 7:00 AM",49,25,24,30,12,18,14,4,10,,,,1100,478,622,,,,43,14,29,,,
"Mar 7, 2023 8:00 AM",78,39,39,37,16,21,21,14,7,,,,1961,790,1171,,,,133,95,38,,,
"Mar 7, 2023 9:00 AM",101,54,47,30,18,12,25,13,12,,,,729,363,366,,,,63,31,32,,,
"Mar 7, 2023 10:00 AM",118,56,62,43,26,17,27,17,10,,,,723,340,383,,,,63,23,40,,,
"Mar 7, 2023 11:00 AM",172,105,67,56,24,32,39,20,19,,,,680,358,322,,,,37,20,17,,,
"Mar 7, 2023 12:00 PM",210,108,102,72,35,37,42,19,23,,,,1265,834,431,,,,82,50,32,,,
"Mar 7, 2023 1:00 PM",200,117,83,75,48,27,50,30,20,,,,1306,697,609,,,,98,40,58,,,
"Mar 7, 2023 2:00 PM",172,89,83,40,20,20,29,16,13,,,,1206,682,524,,,,87,43,44,,,
"Mar 7, 2023 3:00 PM",141,86,55,51,26,25,36,17,19,,,,1425,777,648,,,,150,74,76,,,
"Mar 7, 2023 4:00 PM",145,78,67,45,28,17,43,22,21,,,,1936,919,1017,,,,69,32,37,,,
"Mar 7, 2023 5:00 PM",110,56,54,47,30,17,54,38,16,,,,1502,630,872,,,,100,50,50,,,
"Mar 7, 2023 6:00 PM",147,82,65,68,36,32,55,28,27,,,,1120,505,615,,,,98,55,43,,,
"Mar 7, 2023 7:00 PM",149,85,64,44,20,24,54,28,26,,,,1073,453,620,,,,62,31,31,,,
"Mar 7, 2023 8:00 PM",119,67,52,33,9,24,31,14,17,,,,899,422,477,,,,38,22,16,,,
"Mar 7, 2023 9:00 PM",79,37,42,10,6,4,12,6,6,,,,1416,611,805,,,,17,5,12,,,
"Mar 7, 2023 10:00 PM",11,8,3,7,2,5,4,0,4,,,,1491,679,812,,,,2,1,1,,,
"Mar 7, 2023 11:00 PM",2,1,1,3,2,1,6,1,5,,,,1330,625,705,,,,7,2,5,,,
"Mar 8, 2023 12:00 AM",0,0,0,0,0,0,1,0,1,,,,412,221,191,,,,6,4,2,,,
"Mar 8, 2023 1:00 AM",0,0,0,0,0,0,1,1,0,,,,283,178,105,,,,7,5,2,,,
"Mar 8, 2023 2:00 AM",0,0,0,1,0,1,1,0,1,,,,97,58,39,,,,0,0,0,,,
"Mar 8, 2023 3:00 AM",0,0,0,0,0,0,0,0,0,,,,162,129,33,,,,1,1,0,,,
"Mar 8, 2023 4:00 AM",0,0,0,0,0,0,0,0,0,,,,394,326,68,,,,2,1,1,,,
"Mar 8, 2023 5:00 AM",6,3,3,2,1,1,0,0,0,,,,842,531,311,,,,3,1,2,,,
"Mar 8, 2023 6:00 AM",43,18,25,16,9,7,17,10,7,,,,812,371,441,,,,9,3,6,,,
"Mar 8, 2023 7:00 AM",51,32,19,31,13,18,20,7,13,,,,1488,687,801,,,,36,14,22,,,
"Mar 8, 2023 8:00 AM",78,42,36,40,13,27,28,7,21,,,,2387,1069,1318,,,,117,80,37,,,
"Mar 8, 2023 9:00 AM",87,47,40,37,16,21,18,9,9,,,,2401,1030,1371,,,,37,17,20,,,
"Mar 8, 2023 10:00 AM",87,41,46,26,14,12,15,9,6,,,,996,535,461,,,,28,19,9,,,
"Mar 8, 2023 11:00 AM",120,58,62,46,28,18,20,15,5,0,,0,689,370,319,,,,42,20,22,,,
"Mar 8, 2023 12:00 PM",102,53,49,41,21,20,27,19,8,,,,1051,628,423,,,,41,20,21,,,
"Mar 8, 2023 1:00 PM",131,69,62,36,19,17,34,23,11,,,,1801,885,916,,,,71,27,44,,,
"Mar 8, 2023 2:00 PM",119,45,74,23,11,12,19,11,8,,,,2042,1055,987,,,,88,36,52,,,
"Mar 8, 2023 3:00 PM",74,44,30,38,17,21,14,8,6,,,,1715,882,833,,,,108,28,80,,,
"Mar 8, 2023 4:00 PM",56,27,29,31,21,10,21,16,5,,,,2644,1321,1323,,,,54,21,33,,,
"Mar 8, 2023 5:00 PM",66,40,26,31,23,8,37,24,13,,,,2451,1151,1300,,,,61,34,27,,,
"Mar 8, 2023 6:00 PM",68,40,28,25,14,11,22,13,9,,,,1736,842,894,,,,67,34,33,,,
"Mar 8, 2023 7:00 PM",52,26,26,20,9,11,23,11,12,0,0,0,1111,595,516,,,,18,9,9,,,
"Mar 8, 2023 8:00 PM",25,13,12,11,5,6,15,8,7,,,,1301,681,620,,,,22,10,12,,,
"Mar 8, 2023 9:00 PM",23,15,8,10,5,5,14,8,6,0,0,0,1630,847,783,,,,21,12,9,,,
"Mar 8, 2023 10:00 PM",12,7,5,7,4,3,3,2,1,0,0,0,1615,879,736,,,,6,0,6,,,
"Mar 8, 2023 11:00 PM",2,2,0,0,0,0,1,1,0,0,0,0,790,458,332,,,,5,5,0,,,
"Mar 9, 2023 12:00 AM",1,1,0,0,0,0,0,0,0,0,0,0,500,325,175,,,,12,7,5,,,
"Mar 9, 2023 1:00 AM",0,0,0,0,0,0,0,0,0,0,0,0,393,247,146,,,,2,2,0,,,
"Mar 9, 2023 2:00 AM",0,0,0,0,0,0,0,0,0,0,0,0,426,328,98,,,,0,0,0,,,
"Mar 9, 2023 3:00 AM",0,0,0,0,0,0,0,0,0,0,0,0,526,403,123,,,,1,1,0,,,
"Mar 9, 2023 4:00 AM",0,0,0,0,0,0,0,0,0,0,0,0,240,178,62,,,,0,0,0,,,
"Mar 9, 2023 5:00 AM",2,0,2,0,0,0,0,0,0,0,0,0,136,68,68,,,,2,1,1,,,
"Mar 9, 2023 6:00 AM",11,5,6,5,3,2,1,0,1,0,0,0,430,167,263,,,,6,2,4,,,
"Mar 9, 2023 7:00 AM",13,8,5,6,2,4,8,0,8,0,0,0,870,372,498,,,,26,8,18,,,
"Mar 9, 2023 8:00 AM",22,8,14,13,5,8,8,4,4,0,0,0,1508,561,947,,,,73,53,20,,,
"Mar 9, 2023 9:00 AM",19,6,13,19,7,12,10,5,5,0,0,0,1176,410,766,,,,27,10,17,,,
"Mar 9, 2023 10:00 AM",26,11,15,12,2,10,8,1,7,0,0,0,701,307,394,,,,15,11,4,,,
"Mar 9, 2023 11:00 AM",28,15,13,8,5,3,11,7,4,0,0,0,747,304,443,,,,20,10,10,,,
"Mar 9, 2023 12:00 PM",39,17,22,13,9,4,5,2,3,0,0,0,601,236,365,,,,16,7,9,,,
"Mar 9, 2023 1:00 PM",27,12,15,12,5,7,20,10,10,0,0,0,534,178,356,,,,27,6,21,,,
"Mar 9, 2023 2:00 PM",9,8,1,4,3,1,7,2,5,0,0,0,851,255,596,,,,33,14,19,,,
"Mar 9, 2023 3:00 PM",13,6,7,5,3,2,2,0,2,0,0,0,830,217,613,,,,53,8,45,,,
"Mar 9, 2023 4:00 PM",20,12,8,8,4,4,12,6,6,0,0,0,1013,333,680,,,,25,11,14,,,
"Mar 9, 2023 5:00 PM",17,14,3,8,6,2,14,11,3,0,0,0,660,246,414,,,,28,13,15,,,
"Mar 9, 2023 6:00 PM",7,6,1,15,5,10,13,7,6,0,0,0,1110,402,708,,,,28,18,10,,,
"Mar 9, 2023 7:00 PM",9,6,3,10,7,3,13,8,5,0,0,0,1014,377,637,,,,14,8,6,,,
"Mar 9, 2023 8:00 PM",2,2,0,3,3,0,2,1,1,0,0,0,594,214,380,,,,11,2,9,,,
"Mar 9, 2023 9:00 PM",1,1,0,0,0,0,0,0,0,0,0,0,490,172,318,,,,8,2,6,,,
"Mar 9, 2023 10:00 PM",2,2,0,0,0,0,3,1,2,0,0,0,445,124,321,,,,3,3,0,,,
"Mar 9, 2023 11:00 PM",1,1,0,0,0,0,1,0,1,0,,0,43,12,31,,,,7,3,4,,,
"Mar 10, 2023 12:00 AM",0,0,0,0,0,0,0,0,0,0,,0,60,17,43,,,,2,2,0,,,
"Mar 10, 2023 1:00 AM",1,1,0,0,0,0,0,0,0,,,,66,20,46,,,,3,1,2,,,
"Mar 10, 2023 2:00 AM",0,0,0,0,0,0,0,0,0,,,,9,5,4,,,,0,0,0,,,
"Mar 10, 2023 3:00 AM",0,0,0,0,0,0,0,0,0,,,,5,1,4,,,,2,2,0,,,
"Mar 10, 2023 4:00 AM",0,0,0,0,0,0,0,0,0,,,,2,1,1,,,,2,1,1,,,
"Mar 10, 2023 5:00 AM",2,1,1,0,0,0,0,0,0,,,,2,1,1,,,,2,1,1,,,
"Mar 10, 2023 6:00 AM",15,6,9,12,8,4,6,5,1,,,,20,8,12,,,,5,3,2,,,
"Mar 10, 2023 7:00 AM",30,16,14,16,8,8,12,4,8,,,,137,59,78,,,,20,4,16,,,
"Mar 10, 2023 8:00 AM",83,39,44,34,14,20,29,14,15,,,,263,89,174,,,,92,70,22,,,
"Mar 10, 2023 9:00 AM",96,44,52,45,24,21,31,18,13,0,0,0,180,76,104,,,,27,8,19,,,
"Mar 10, 2023 10:00 AM",99,50,49,42,21,21,26,14,12,0,0,0,256,99,157,,,,16,11,5,,,
"Mar 10, 2023 11:00 AM",113,64,49,54,25,29,33,18,15,0,,0,258,108,150,,,,39,14,25,,,
"Mar 10, 2023 12:00 PM",118,59,59,46,21,25,41,24,17,0,,0,288,109,179,,,,60,30,30,,,
"Mar 10, 2023 1:00 PM",183,111,72,56,23,33,30,14,16,,,,762,312,450,,,,131,39,92,,,
"Mar 10, 2023 2:00 PM",161,100,61,39,16,23,29,17,12,,,,830,396,434,,,,98,48,50,,,
"Mar 10, 2023 3:00 PM",232,116,116,54,27,27,41,18,23,,,,1140,509,631,,,,49,26,23,,,
"Mar 10, 2023 4:00 PM",168,91,77,55,31,24,44,20,24,,,,1445,700,745,,,,67,39,28,,,
"Mar 10, 2023 5:00 PM",166,104,62,80,51,29,61,33,28,,,,1243,488,755,,,,60,36,24,,,
"Mar 10, 2023 6:00 PM",151,86,65,60,33,27,38,24,14,,,,909,360,549,,,,62,26,36,,,
"Mar 10, 2023 7:00 PM",83,48,35,40,18,22,24,15,9,,,,825,347,478,,,,41,18,23,,,
"Mar 10, 2023 8:00 PM",61,35,26,18,9,9,20,10,10,,,,813,357,456,,,,50,29,21,,,
"Mar 10, 2023 9:00 PM",40,22,18,13,5,8,13,4,9,,,,781,318,463,,,,22,5,17,,,
"Mar 10, 2023 10:00 PM",20,12,8,12,2,10,17,4,13,0,0,0,1452,513,939,,,,20,10,10,,,
"Mar 10, 2023 11:00 PM",9,5,4,0,0,0,13,7,6,0,0,0,641,288,353,,,,12,6,6,,,
"Mar 11, 2023 12:00 AM",0,0,0,0,0,0,2,0,2,0,0,0,800,288,512,,,,5,1,4,,,
"Mar 11, 2023 1:00 AM",0,0,0,1,0,1,0,0,0,0,0,0,394,161,233,,,,3,1,2,,,
"Mar 11, 2023 2:00 AM",6,6,0,1,0,1,2,0,2,0,0,0,276,170,106,,,,6,3,3,,,
"Mar 11, 2023 3:00 AM",0,0,0,0,0,0,0,0,0,0,0,0,322,198,124,,,,1,0,1,,,
"Mar 11, 2023 4:00 AM",0,0,0,0,0,0,0,0,0,0,0,0,100,46,54,,,,2,2,0,,,
"Mar 11, 2023 5:00 AM",0,0,0,2,2,0,1,1,0,0,0,0,323,119,204,,,,3,2,1,,,
"Mar 11, 2023 6:00 AM",7,1,6,3,1,2,1,0,1,0,0,0,396,91,305,,,,4,2,2,,,
"Mar 11, 2023 7:00 AM",31,16,15,6,4,2,9,7,2,0,0,0,588,242,346,,,,8,5,3,,,
"Mar 11, 2023 8:00 AM",59,35,24,29,11,18,30,22,8,0,,0,360,187,173,,,,20,11,9,,,
"Mar 11, 2023 9:00 AM",61,32,29,35,16,19,39,15,24,0,,0,786,434,352,,,,21,6,15,,,
"Mar 11, 2023 10:00 AM",89,49,40,48,26,22,31,15,16,0,,0,1047,515,532,,,,33,18,15,,,
"Mar 11, 2023 11:00 AM",56,32,24,24,9,15,29,10,19,0,,0,484,175,309,,,,15,4,11,,,
"Mar 11, 2023 12:00 PM",23,11,12,29,17,12,17,4,13,,,,537,224,313,,,,15,7,8,,,
"Mar 11, 2023 1:00 PM",30,14,16,14,8,6,9,5,4,,,,546,226,320,,,,22,14,8,,,
"Mar 11, 2023 2:00 PM",20,7,13,24,12,12,13,9,4,,,,363,98,265,,,,15,10,5,,,
"Mar 11, 2023 3:00 PM",34,18,16,16,8,8,15,11,4,,,,350,155,195,,,,25,11,14,,,
"Mar 11, 2023 4:00 PM",51,27,24,18,12,6,12,8,4,,,,395,164,231,,,,35,16,19,,,
"Mar 11, 2023 5:00 PM",56,33,23,18,12,6,17,12,5,,,,321,102,219,,,,29,12,17,,,
"Mar 11, 2023 6:00 PM",96,53,43,29,13,16,14,3,11,,,,366,121,245,,,,28,15,13,,,
"Mar 11, 2023 7:00 PM",68,41,27,20,7,13,39,23,16,,,,361,145,216,,,,26,15,11,,,
"Mar 11, 2023 8:00 PM",39,21,18,14,6,8,18,10,8,,,,623,197,426,,,,23,11,12,,,
"Mar 11, 2023 9:00 PM",31,20,11,8,6,2,11,7,4,,,,601,239,362,,,,47,26,21,,,
"Mar 11, 2023 10:00 PM",31,19,12,2,1,1,7,7,0,0,0,0,1084,383,701,,,,18,9,9,,,
"Mar 11, 2023 11:00 PM",17,11,6,0,0,0,4,1,3,0,0,0,940,333,607,,,,11,6,5,,,
"Mar 12, 2023 12:00 AM",0,0,0,2,1,1,0,0,0,,,,641,211,430,,,,4,4,0,,,
"Mar 12, 2023 1:00 AM",1,0,1,0,0,0,0,0,0,,,,1394,485,909,,,,7,3,4,,,
"Mar 12, 2023 2:00 AM",0,0,0,0,0,0,0,0,0,,,,972,250,722,,,,4,4,0,,,
"Mar 12, 2023 3:00 AM",0,0,0,0,0,0,1,0,1,,,,169,77,92,,,,1,1,0,,,
"Mar 12, 2023 4:00 AM",0,0,0,0,0,0,0,0,0,,,,380,166,214,,,,1,1,0,,,
"Mar 12, 2023 5:00 AM",2,1,1,0,0,0,0,0,0,,,,279,144,135,,,,3,2,1,,,
"Mar 12, 2023 6:00 AM",8,3,5,5,3,2,2,1,1,,,,53,30,23,,,,3,2,1,,,
"Mar 12, 2023 7:00 AM",30,15,15,8,6,2,6,4,2,,,,136,52,84,,,,10,4,6,,,
"Mar 12, 2023 8:00 AM",89,38,51,36,18,18,31,20,11,,,,254,88,166,,,,29,17,12,,,
"Mar 12, 2023 9:00 AM",148,82,66,58,31,27,57,32,25,,,,385,206,179,,,,42,20,22,,,
"Mar 12, 2023 10:00 AM",263,152,111,85,39,46,55,28,27,,,,548,273,275,,,,38,16,22,,,
"Mar 12, 2023 11:00 AM",397,211,186,89,47,42,78,41,37,,,,710,333,377,,,,79,37,42,,,
"Mar 12, 2023 12:00 PM",467,266,201,104,63,41,80,38,42,,,,1038,579,459,,,,55,23,32,,,
"Mar 12, 2023 1:00 PM",438,271,167,98,51,47,71,36,35,0,0,0,858,535,323,,,,60,22,38,,,
"Mar 12, 2023 2:00 PM",395,208,187,81,43,38,92,54,38,,,,890,449,441,,,,41,21,20,,,
"Mar 12, 2023 3:00 PM",271,149,122,67,40,27,51,28,23,,,,791,422,369,,,,48,29,19,,,
"Mar 12, 2023 4:00 PM",228,119,109,30,14,16,52,21,31,,,,774,384,390,,,,42,20,22,,,
"Mar 12, 2023 5:00 PM",216,104,112,57,30,27,26,7,19,,,,818,371,447,,,,52,23,29,,,
"Mar 12, 2023 6:00 PM",77,47,30,55,41,14,25,12,13,0,0,0,858,376,482,,,,38,23,15,,,
"Mar 12, 2023 7:00 PM",88,43,45,24,11,13,28,17,11,0,,0,558,244,314,,,,31,14,17,,,
"Mar 12, 2023 8:00 PM",45,27,18,55,8,47,10,4,6,,,,808,396,412,,,,23,16,7,,,
"Mar 12, 2023 9:00 PM",25,17,8,6,4,2,14,5,9,,,,832,354,478,,,,11,5,6,,,
"Mar 12, 2023 10:00 PM",17,10,7,0,0,0,3,1,2,,,,717,335,382,,,,4,2,2,,,
"Mar 12, 2023 11:00 PM",4,3,1,0,0,0,1,1,0,0,0,0,281,164,117,,,,8,8,0,,,
"Mar 13, 2023 12:00 AM",0,0,0,0,0,0,0,0,0,,,,448,239,209,,,,4,2,2,,,
"Mar 13, 2023 1:00 AM",0,0,0,0,0,0,0,0,0,,,,407,245,162,,,,2,1,1,,,
"Mar 13, 2023 2:00 AM",0,0,0,0,0,0,3,0,3,0,,0,2,1,1,,,,0,0,0,,,
"Mar 13, 2023 3:00 AM",0,0,0,0,0,0,0,0,0,0,0,0,6,1,5,,,,1,1,0,,,
"Mar 13, 2023 4:00 AM",0,0,0,0,0,0,0,0,0,0,0,0,112,51,61,,,,2,1,1,,,
"Mar 13, 2023 5:00 AM",2,2,0,2,1,1,0,0,0,0,0,0,179,66,113,,,,1,0,1,,,
"Mar 13, 2023 6:00 AM",23,12,11,9,5,4,17,11,6,0,,0,232,114,118,,,,6,1,5,,,
"Mar 13, 2023 7:00 AM",45,20,25,25,8,17,13,3,10,,,,506,229,277,,,,31,13,18,,,
"Mar 13, 2023 8:00 AM",79,33,46,35,13,22,30,17,13,,,,794,331,463,,,,130,87,43,,,
"Mar 13, 2023 9:00 AM",86,46,40,32,17,15,31,21,10,,,,447,210,237,,,,38,17,21,,,
"Mar 13, 2023 10:00 AM",104,63,41,23,11,12,20,8,12,0,0,0,487,263,224,,,,31,14,17,,,
"Mar 13, 2023 11:00 AM",92,40,52,36,12,24,21,9,12,0,0,0,341,170,171,,,,37,22,15,,,
"Mar 13, 2023 12:00 PM",112,66,46,44,27,17,27,13,14,,,,591,392,199,,,,34,17,17,,,
"Mar 13, 2023 1:00 PM",136,73,63,45,25,20,31,16,15,,,,683,346,337,,,,60,30,30,,,
"Mar 13, 2023 2:00 PM",47,29,18,21,8,13,10,4,6,0,0,0,670,240,430,,,,31,11,20,,,
"Mar 13, 2023 3:00 PM",11,6,5,2,1,1,3,2,1,0,0,0,419,193,226,,,,46,3,43,,,
"Mar 13, 2023 4:00 PM",13,4,9,8,6,2,6,4,2,0,0,0,535,171,364,,,,32,12,20,,,
"Mar 13, 2023 5:00 PM",52,30,22,28,18,10,23,17,6,0,0,0,865,289,576,,,,29,11,18,,,
"Mar 13, 2023 6:00 PM",103,57,46,41,24,17,25,13,12,0,0,0,684,253,431,,,,50,24,26,,,
"Mar 13, 2023 7:00 PM",84,42,42,32,16,16,28,19,9,0,0,0,727,313,414,,,,34,17,17,,,
"Mar 13, 2023 8:00 PM",78,46,32,24,13,11,26,16,10,0,0,0,366,176,190,,,,30,12,18,,,
"Mar 13, 2023 9:00 PM",25,10,15,7,3,4,8,3,5,0,0,0,454,176,278,,,,45,17,28,,,
"Mar 13, 2023 10:00 PM",6,3,3,3,2,1,3,1,2,0,0,0,614,262,352,,,,10,4,6,,,
"Mar 13, 2023 11:00 PM",5,3,2,0,0,0,1,0,1,0,0,0,1066,492,574,,,,4,4,0,,,
"Mar 14, 2023 12:00 AM",0,0,0,0,0,0,1,0,1,0,0,0,734,378,356,,,,4,4,0,,,
"Mar 14, 2023 1:00 AM",2,1,1,0,0,0,0,0,0,0,0,0,382,243,139,,,,1,0,1,,,
"Mar 14, 2023 2:00 AM",0,0,0,0,0,0,0,0,0,0,0,0,89,25,64,,,,0,0,0,,,
"Mar 14, 2023 3:00 AM",0,0,0,0,0,0,0,0,0,0,0,0,2,2,0,,,,0,0,0,,,
"Mar 14, 2023 4:00 AM",0,0,0,0,0,0,0,0,0,0,0,0,72,31,41,,,,2,2,0,,,
"Mar 14, 2023 5:00 AM",8,2,6,1,0,1,2,0,2,0,0,0,31,19,12,,,,6,2,4,,,
"Mar 14, 2023 6:00 AM",38,20,18,14,8,6,15,9,6,0,0,0,307,157,150,,,,18,9,9,,,
"Mar 14, 2023 7:00 AM",73,39,34,23,8,15,12,5,7,0,0,0,1037,394,643,,,,39,15,24,,,
"Mar 14, 2023 8:00 AM",82,35,47,35,9,26,37,18,19,0,0,0,1564,635,929,,,,114,78,36,,,
"Mar 14, 2023 9:00 AM",104,56,48,41,26,15,26,14,12,0,0,0,766,374,392,,,,46,24,22,,,
"Mar 14, 2023 10:00 AM",174,97,77,49,20,29,34,21,13,0,0,0,587,278,309,,,,57,19,38,,,
"Mar 14, 2023 11:00 AM",116,56,60,34,14,20,24,7,17,0,0,0,458,219,239,,,,35,14,21,,,
"Mar 14, 2023 12:00 PM",93,33,60,23,10,13,17,10,7,0,0,0,723,408,315,,,,48,21,27,,,
"Mar 14, 2023 1:00 PM",117,53,64,22,13,9,26,15,11,0,0,0,696,332,364,,,,55,25,30,,,
"Mar 14, 2023 2:00 PM",101,54,47,41,19,22,14,11,3,0,0,0,739,419,320,,,,62,18,44,,,
"Mar 14, 2023 3:00 PM",35,20,15,34,18,16,15,6,9,0,0,0,1196,568,628,,,,74,16,58,,,
"Mar 14, 2023 4:00 PM",80,38,42,35,24,11,39,27,12,0,0,0,1203,493,710,,,,53,23,30,,,
"Mar 14, 2023 5:00 PM",114,56,58,51,29,22,44,25,19,0,0,0,1433,634,799,,,,67,35,32,,,
"Mar 14, 2023 6:00 PM",152,79,73,62,41,21,56,39,17,0,0,0,995,470,525,,,,56,35,21,,,
"Mar 14, 2023 7:00 PM",112,69,43,70,30,40,30,14,16,0,0,0,1100,473,627,,,,58,30,28,,,
"Mar 14, 2023 8:00 PM",107,62,45,36,16,20,23,11,12,0,0,0,975,439,536,,,,44,19,25,,,
"Mar 14, 2023 9:00 PM",41,28,13,19,10,9,11,2,9,0,0,0,1310,529,781,,,,13,4,9,,,
"Mar 14, 2023 10:00 PM",15,11,4,4,2,2,6,1,5,0,0,0,1375,700,675,,,,11,6,5,,,
"Mar 14, 2023 11:00 PM",2,1,1,5,2,3,3,2,1,0,0,0,1330,564,766,,,,3,2,1,,,
"Mar 15, 2023 12:00 AM",0,0,0,0,0,0,1,0,1,0,0,0,982,382,600,,,,2,1,1,,,
"Mar 15, 2023 1:00 AM",1,1,0,2,2,0,0,0,0,0,0,0,864,496,368,,,,0,0,0,,,
"Mar 15, 2023 2:00 AM",0,0,0,0,0,0,0,0,0,0,,0,495,390,105,,,,0,0,0,,,
"Mar 15, 2023 3:00 AM",1,0,1,0,0,0,0,0,0,0,,0,588,443,145,,,,1,1,0,,,
"Mar 15, 2023 4:00 AM",0,0,0,0,0,0,2,2,0,0,,0,313,216,97,,,,0,0,0,,,
"Mar 15, 2023 5:00 AM",6,2,4,3,2,1,1,1,0,0,,0,13,7,6,,,,4,2,2,,,
"Mar 15, 2023 6:00 AM",42,24,18,13,6,7,21,14,7,0,0,0,214,104,110,,,,14,7,7,,,
"Mar 15, 2023 7:00 AM",62,34,28,30,12,18,15,7,8,0,,0,928,393,535,,,,40,15,25,,,
"Mar 15, 2023 8:00 AM",74,30,44,29,9,20,28,11,17,0,,0,1408,559,849,,,,82,57,25,,,
"Mar 15, 2023 9:00 AM",66,36,30,26,11,15,17,9,8,0,0,0,748,288,460,,,,33,14,19,,,
"Mar 15, 2023 10:00 AM",42,25,17,12,3,9,12,7,5,0,0,0,457,193,264,,,,33,15,18,,,
"Mar 15, 2023 11:00 AM",42,15,27,12,5,7,8,4,4,0,0,0,262,122,140,,,,24,12,12,,,
"Mar 15, 2023 12:00 PM",23,11,12,15,9,6,13,8,5,0,0,0,407,157,250,,,,32,13,19,,,
"Mar 15, 2023 1:00 PM",63,36,27,20,8,12,20,12,8,0,0,0,544,240,304,,,,35,18,17,,,
"Mar 15, 2023 2:00 PM",50,30,20,12,7,5,11,2,9,0,0,0,570,215,355,,,,28,12,16,,,
"Mar 15, 2023 3:00 PM",42,20,22,15,9,6,10,7,3,0,0,0,614,223,391,,,,82,14,68,,,
"Mar 15, 2023 4:00 PM",29,19,10,22,13,9,15,10,5,0,0,0,599,173,426,,,,39,15,24,,,
"Mar 15, 2023 5:00 PM",31,15,16,20,17,3,25,15,10,0,0,0,666,242,424,,,,44,15,29,,,
"Mar 15, 2023 6:00 PM",46,32,14,20,11,9,31,15,16,0,0,0,362,138,224,,,,48,25,23,,,
"Mar 15, 2023 7:00 PM",46,23,23,25,8,17,16,5,11,0,0,0,304,117,187,,,,46,26,20,,,
"Mar 15, 2023 8:00 PM",59,40,19,22,12,10,24,11,13,0,0,0,273,104,169,,,,30,18,12,,,
"Mar 15, 2023 9:00 PM",29,18,11,11,4,7,12,4,8,0,0,0,307,118,189,,,,16,6,10,,,
"Mar 15, 2023 10:00 PM",18,13,5,3,0,3,12,7,5,0,0,0,211,80,131,,,,15,3,12,,,
"Mar 15, 2023 11:00 PM",1,0,1,3,1,2,1,0,1,0,0,0,152,42,110,,,,8,2,6,,,
"Mar 16, 2023 12:00 AM",0,0,0,0,0,0,1,0,1,0,0,0,112,52,60,,,,6,5,1,,,
"Mar 16, 2023 1:00 AM",1,1,0,0,0,0,0,0,0,0,0,0,65,27,38,,,,1,0,1,,,
"Mar 16, 2023 2:00 AM",0,0,0,0,0,0,0,0,0,0,0,0,270,106,164,,,,0,0,0,,,
"Mar 16, 2023 3:00 AM",0,0,0,0,0,0,0,0,0,0,0,0,1088,279,809,,,,1,1,0,,,
"Mar 16, 2023 4:00 AM",0,0,0,1,1,0,0,0,0,0,0,0,37,18,19,,,,1,0,1,,,
"Mar 16, 2023 5:00 AM",8,3,5,0,0,0,0,0,0,0,0,0,14,6,8,,,,3,2,1,,,
"Mar 16, 2023 6:00 AM",32,16,16,12,6,6,10,7,3,0,0,0,210,128,82,,,,10,4,6,,,
"Mar 16, 2023 7:00 AM",64,37,27,19,6,13,23,8,15,0,0,0,640,263,377,,,,31,18,13,,,
"Mar 16, 2023 8:00 AM",96,52,44,39,15,24,24,13,11,0,0,0,820,356,464,,,,51,18,33,,,
"Mar 16, 2023 9:00 AM",116,55,61,46,15,31,20,12,8,0,0,0,558,295,263,,,,39,20,19,,,
"Mar 16, 2023 10:00 AM",101,53,48,32,19,13,30,17,13,0,0,0,412,236,176,,,,34,25,9,,,
"Mar 16, 2023 11:00 AM",183,73,110,49,20,29,31,20,11,0,0,0,676,392,284,,,,47,19,28,,,
"Mar 16, 2023 12:00 PM",169,96,73,60,31,29,44,20,24,0,0,0,774,427,347,,,,50,26,24,,,
"Mar 16, 2023 1:00 PM",163,97,66,53,25,28,52,27,25,0,0,0,923,481,442,,,,46,19,27,,,
"Mar 16, 2023 2:00 PM",146,81,65,39,17,22,33,17,16,0,0,0,856,456,400,,,,58,30,28,,,
"Mar 16, 2023 3:00 PM",192,111,81,55,21,34,48,27,21,0,0,0,1117,539,578,,,,62,36,26,,,
"Mar 16, 2023 4:00 PM",194,87,107,47,21,26,31,19,12,0,0,0,1116,576,540,,,,85,35,50,,,
"Mar 16, 2023 5:00 PM",180,111,69,58,37,21,52,25,27,0,0,0,784,396,388,,,,67,29,38,,,
"Mar 16, 2023 6:00 PM",164,85,79,34,18,16,55,26,29,0,0,0,886,446,440,,,,99,54,45,,,
"Mar 16, 2023 7:00 PM",121,61,60,38,22,16,33,19,14,0,0,0,828,392,436,,,,77,34,43,,,
"Mar 16, 2023 8:00 PM",82,44,38,21,10,11,23,9,14,0,0,0,1030,392,638,,,,29,13,16,,,
"Mar 16, 2023 9:00 PM",62,29,33,12,3,9,21,3,18,0,0,0,1240,542,698,,,,22,13,9,,,
"Mar 16, 2023 10:00 PM",34,23,11,6,0,6,8,5,3,0,0,0,1362,520,842,,,,12,6,6,,,
"Mar 16, 2023 11:00 PM",22,13,9,5,1,4,4,0,4,0,,0,744,327,417,,,,9,7,2,,,
"Mar 17, 2023 12:00 AM",0,0,0,1,1,0,0,0,0,0,,0,1373,411,962,,,,9,8,1,,,
"Mar 17, 2023 1:00 AM",1,1,0,0,0,0,0,0,0,0,,0,981,291,690,,,,4,1,3,,,
"Mar 17, 2023 2:00 AM",1,1,0,0,0,0,0,0,0,0,,0,371,119,252,,,,4,4,0,,,
"Mar 17, 2023 3:00 AM",0,0,0,2,0,2,1,0,1,0,,0,320,155,165,,,,9,4,5,,,
"Mar 17, 2023 4:00 AM",1,0,1,2,2,0,0,0,0,0,,0,324,141,183,,,,1,0,1,,,
"Mar 17, 2023 5:00 AM",4,2,2,2,1,1,2,0,2,0,,0,191,69,122,,,,3,2,1,,,
"Mar 17, 2023 6:00 AM",19,7,12,6,3,3,4,2,2,,,,105,41,64,,,,2,1,1,,,
"Mar 17, 2023 7:00 AM",35,16,19,11,4,7,20,14,6,,,,212,72,140,,,,8,3,5,,,
"Mar 17, 2023 8:00 AM",107,54,53,45,27,18,40,23,17,0,,0,303,134,169,,,,28,15,13,,,
"Mar 17, 2023 9:00 AM",141,60,81,78,37,41,50,24,26,0,,0,481,241,240,,,,43,20,23,,,
"Mar 17, 2023 10:00 AM",185,107,78,74,26,48,57,25,32,,,,766,299,467,,,,44,21,23,,,
"Mar 17, 2023 11:00 AM",178,92,86,91,41,50,67,26,41,0,0,0,1203,360,843,,,,48,19,29,,,
"Mar 17, 2023 12:00 PM",149,81,68,86,42,44,41,19,22,,,,1201,484,717,,,,42,23,19,,,
"Mar 17, 2023 1:00 PM",140,74,66,149,108,41,92,59,33,,,,811,430,381,,,,37,20,17,,,
"Mar 17, 2023 2:00 PM",177,99,78,249,219,30,131,105,26,,,,906,564,342,,,,26,16,10,,,
"Mar 17, 2023 3:00 PM",176,102,74,344,328,16,242,210,32,,,,911,571,340,,,,44,23,21,,,
"Mar 17, 2023 4:00 PM",213,121,92,214,193,21,175,148,27,,,,950,449,501,,,,42,25,17,,,
"Mar 17, 2023 5:00 PM",193,135,58,79,53,26,58,41,17,,,,1028,519,509,,,,46,21,25,,,
"Mar 17, 2023 6:00 PM",125,59,66,23,11,12,18,11,7,,,,855,419,436,,,,48,24,24,,,
"Mar 17, 2023 7:00 PM",92,53,39,21,4,17,38,22,16,,,,539,243,296,,,,55,30,25,,,
"Mar 17, 2023 8:00 PM",68,42,26,25,14,11,20,14,6,0,,0,547,230,317,,,,126,57,69,,,
"Mar 17, 2023 9:00 PM",25,16,9,12,3,9,12,1,11,0,0,0,377,172,205,,,,32,5,27,,,
"Mar 17, 2023 10:00 PM",29,21,8,8,3,5,13,2,11,,,,743,346,397,,,,17,11,6,,,
"Mar 17, 2023 11:00 PM",10,7,3,9,6,3,2,1,1,,,,856,445,411,,,,12,5,7,,,
"Mar 18, 2023 12:00 AM",3,2,1,0,0,0,3,0,3,,,,374,180,194,,,,27,19,8,,,
"Mar 18, 2023 1:00 AM",2,0,2,3,1,2,3,2,1,,,,357,162,195,,,,7,6,1,,,
"Mar 18, 2023 2:00 AM",0,0,0,2,1,1,3,1,2,,,,140,75,65,,,,7,4,3,,,
"Mar 18, 2023 3:00 AM",2,1,1,1,1,0,1,0,1,,,,394,252,142,,,,8,5,3,,,
"Mar 18, 2023 4:00 AM",0,0,0,2,2,0,0,0,0,,,,46,17,29,,,,16,8,8,,,
"Mar 18, 2023 5:00 AM",2,1,1,3,3,0,2,1,1,,,,34,31,3,,,,4,2,2,,,
"Mar 18, 2023 6:00 AM",24,9,15,2,2,0,4,2,2,,,,66,48,18,,,,1,0,1,,,
"Mar 18, 2023 7:00 AM",56,26,30,18,8,10,24,13,11,,,,166,82,84,,,,10,8,2,,,
"Mar 18, 2023 8:00 AM",86,41,45,37,21,16,26,17,9,,,,358,184,174,,,,26,13,13,,,
"Mar 18, 2023 9:00 AM",141,81,60,66,34,32,54,32,22,,,,625,357,268,,,,28,17,11,,,
"Mar 18, 2023 10:00 AM",204,111,93,87,46,41,51,29,22,,,,514,283,231,,,,42,21,21,,,
"Mar 18, 2023 11:00 AM",224,128,96,63,31,32,28,18,10,,,,878,511,367,,,,59,33,26,,,
"Mar 18, 2023 12:00 PM",144,87,57,48,33,15,48,26,22,,,,664,342,322,,,,33,12,21,,,
"Mar 18, 2023 1:00 PM",84,38,46,27,17,10,12,6,6,,,,570,292,278,,,,22,16,6,,,
"Mar 18, 2023 2:00 PM",130,58,72,34,19,15,20,12,8,,,,547,224,323,,,,51,25,26,,,
"Mar 18, 2023 3:00 PM",118,55,63,37,18,19,22,14,8,,,,811,357,454,,,,50,24,26,,,
"Mar 18, 2023 4:00 PM",183,96,87,37,20,17,43,25,18,0,0,0,721,357,364,,,,33,16,17,,,
"Mar 18, 2023 5:00 PM",93,46,47,32,15,17,23,10,13,0,0,0,662,324,338,,,,30,15,15,,,
"Mar 18, 2023 6:00 PM",97,51,46,25,9,16,22,6,16,0,0,0,973,444,529,,,,45,21,24,,,
"Mar 18, 2023 7:00 PM",77,46,31,27,25,2,17,3,14,0,0,0,658,283,375,,,,30,11,19,,,
"Mar 18, 2023 8:00 PM",48,26,22,20,14,6,23,13,10,0,0,0,670,290,380,,,,39,18,21,,,
"Mar 18, 2023 9:00 PM",25,13,12,5,1,4,20,14,6,0,0,0,840,297,543,,,,17,7,10,,,
"Mar 18, 2023 10:00 PM",12,6,6,15,3,12,8,5,3,0,,0,988,403,585,,,,7,2,5,,,
"Mar 18, 2023 11:00 PM",6,6,0,0,0,0,7,6,1,,,,657,310,347,,,,9,5,4,,,
"Mar 19, 2023 12:00 AM",3,3,0,3,2,1,5,3,2,,,,179,88,91,,,,4,3,1,,,
"Mar 19, 2023 1:00 AM",2,2,0,2,2,0,1,1,0,,,,98,61,37,,,,12,8,4,,,
"Mar 19, 2023 2:00 AM",1,0,1,1,1,0,1,1,0,,,,208,100,108,,,,1,0,1,,,
"Mar 19, 2023 3:00 AM",0,0,0,0,0,0,0,0,0,,,,109,70,39,,,,2,2,0,,,
"Mar 19, 2023 4:00 AM",0,0,0,0,0,0,0,0,0,,,,38,13,25,,,,3,2,1,,,
"Mar 19, 2023 5:00 AM",1,1,0,0,0,0,0,0,0,,,,104,72,32,,,,2,1,1,,,
"Mar 19, 2023 6:00 AM",15,5,10,6,4,2,3,2,1,,,,37,18,19,,,,1,1,0,,,
"Mar 19, 2023 7:00 AM",36,19,17,14,9,5,5,3,2,,,,179,99,80,,,,10,6,4,,,
"Mar 19, 2023 8:00 AM",82,48,34,21,12,9,20,10,10,,,,202,81,121,,,,21,14,7,,,
"Mar 19, 2023 9:00 AM",168,90,78,65,29,36,43,21,22,,,,347,176,171,,,,40,20,20,,,
"Mar 19, 2023 10:00 AM",253,152,101,82,39,43,63,31,32,,,,555,335,220,,,,47,21,26,,,
"Mar 19, 2023 11:00 AM",395,222,173,75,41,34,59,36,23,,,,615,341,274,,,,81,45,36,,,
"Mar 19, 2023 12:00 PM",438,253,185,119,48,71,81,47,34,,,,526,292,234,,,,73,37,36,,,
"Mar 19, 2023 1:00 PM",544,314,230,76,35,41,94,51,43,,,,895,452,443,,,,67,35,32,,,
"Mar 19, 2023 2:00 PM",374,187,187,73,44,29,65,28,37,,,,879,484,395,,,,39,15,24,,,
"Mar 19, 2023 3:00 PM",197,108,89,45,20,25,28,11,17,,,,455,187,268,,,,31,20,11,,,
"Mar 19, 2023 4:00 PM",88,47,41,18,5,13,19,9,10,,,,371,107,264,,,,35,18,17,,,
"Mar 19, 2023 5:00 PM",99,53,46,16,7,9,24,19,5,,,,404,128,276,,,,15,10,5,,,
"Mar 19, 2023 6:00 PM",90,47,43,16,9,7,21,11,10,,,,489,179,310,,,,38,17,21,,,
"Mar 19, 2023 7:00 PM",62,37,25,19,9,10,12,4,8,,,,311,106,205,,,,25,11,14,,,
"Mar 19, 2023 8:00 PM",57,27,30,9,5,4,9,0,9,,,,229,103,126,,,,13,8,5,,,
"Mar 19, 2023 9:00 PM",30,14,16,9,1,8,7,1,6,,,,891,446,445,,,,14,8,6,,,
"Mar 19, 2023 10:00 PM",9,5,4,8,2,6,7,1,6,,,,720,302,418,,,,8,3,5,,,
"Mar 19, 2023 11:00 PM",4,4,0,1,0,1,1,1,0,,,,568,149,419,,,,2,1,1,,,
"Mar 20, 2023 12:00 AM",0,0,0,1,0,1,3,0,3,,,,255,47,208,,,,10,4,6,,,
"Mar 20, 2023 1:00 AM",0,0,0,1,0,1,0,0,0,,,,127,100,27,,,,3,3,0,,,
"Mar 20, 2023 2:00 AM",0,0,0,0,0,0,4,3,1,,,,56,27,29,,,,4,2,2,,,
"Mar 20, 2023 3:00 AM",0,0,0,1,0,1,0,0,0,,,,88,67,21,,,,1,1,0,,,
"Mar 20, 2023 4:00 AM",0,0,0,1,1,0,0,0,0,,,,109,81,28,,,,0,0,0,,,
"Mar 20, 2023 5:00 AM",5,2,3,2,0,2,1,0,1,,,,118,96,22,,,,2,0,2,,,
"Mar 20, 2023 6:00 AM",36,17,19,12,8,4,14,11,3,,,,190,113,77,,,,11,9,2,,,
"Mar 20, 2023 7:00 AM",50,26,24,31,10,21,24,9,15,,,,736,289,447,,,,30,10,20,,,
"Mar 20, 2023 8:00 AM",88,44,44,38,20,18,25,10,15,,,,701,280,421,,,,116,89,27,,,
"Mar 20, 2023 9:00 AM",117,62,55,42,15,27,37,26,11,,,,510,213,297,,,,39,18,21,,,
"Mar 20, 2023 10:00 AM",163,87,76,36,22,14,28,16,12,,,,357,192,165,,,,35,16,19,,,
"Mar 20, 2023 11:00 AM",140,71,69,46,32,14,28,14,14,,,,525,283,242,,,,47,25,22,,,
"Mar 20, 2023 12:00 PM",145,70,75,45,18,27,32,17,15,,,,377,189,188,,,,53,28,25,,,
"Mar 20, 2023 1:00 PM",208,122,86,58,29,29,39,16,23,,,,694,415,279,,,,44,26,18,,,
"Mar 20, 2023 2:00 PM",115,68,47,43,22,21,32,19,13,,,,916,428,488,,,,75,29,46,,,
"Mar 20, 2023 3:00 PM",106,61,45,31,16,15,21,10,11,,,,712,337,375,,,,92,20,72,,,
"Mar 20, 2023 4:00 PM",103,65,38,42,21,21,21,11,10,,,,835,309,526,,,,67,21,46,,,
"Mar 20, 2023 5:00 PM",106,53,53,42,21,21,37,26,11,,,,803,336,467,,,,60,28,32,,,
"Mar 20, 2023 6:00 PM",105,52,53,42,16,26,37,19,18,,,,705,359,346,,,,75,33,42,,,
"Mar 20, 2023 7:00 PM",120,69,51,40,18,22,26,13,13,,,,524,273,251,,,,57,36,21,,,
"Mar 20, 2023 8:00 PM",103,69,34,31,8,23,26,18,8,,,,650,244,406,,,,34,14,20,,,
"Mar 20, 2023 9:00 PM",43,25,18,17,9,8,10,6,4,,,,898,334,564,,,,24,11,13,,,
"Mar 20, 2023 10:00 PM",16,9,7,9,1,8,6,1,5,,,,794,388,406,,,,12,6,6,,,
"Mar 20, 2023 11:00 PM",6,2,4,1,1,0,1,0,1,,,,434,226,208,,,,2,0,2,,,
"Mar 21, 2023 12:00 AM",1,0,1,0,0,0,0,0,0,,,,629,334,295,,,,3,3,0,,,
"Mar 21, 2023 1:00 AM",0,0,0,3,3,0,0,0,0,,,,365,198,167,,,,0,0,0,,,
"Mar 21, 2023 2:00 AM",0,0,0,0,0,0,0,0,0,,,,323,112,211,,,,0,0,0,,,
"Mar 21, 2023 3:00 AM",0,0,0,0,0,0,0,0,0,,,,239,190,49,,,,0,0,0,,,
"Mar 21, 2023 4:00 AM",0,0,0,0,0,0,0,0,0,,,,157,125,32,,,,2,2,0,,,
"Mar 21, 2023 5:00 AM",8,2,6,1,0,1,2,1,1,,,,70,16,54,,,,4,1,3,,,
"Mar 21, 2023 6:00 AM",47,22,25,10,3,7,18,10,8,,,,151,73,78,,,,11,5,6,,,
"Mar 21, 2023 7:00 AM",63,33,30,26,8,18,27,10,17,,,,642,288,354,,,,47,18,29,,,
"Mar 21, 2023 8:00 AM",88,43,45,35,13,22,28,16,12,,,,1002,478,524,,,,126,89,37,,,
"Mar 21, 2023 9:00 AM",115,52,63,41,18,23,20,14,6,,,,841,361,480,,,,47,23,24,,,
"Mar 21, 2023 10:00 AM",134,71,63,49,21,28,39,17,22,0,0,0,647,325,322,,,,43,12,31,,,
"Mar 21, 2023 11:00 AM",162,82,80,39,17,22,45,30,15,0,0,0,713,372,341,,,,41,19,22,,,
"Mar 21, 2023 12:00 PM",149,75,74,40,25,15,43,19,24,,,,641,325,316,,,,54,28,26,,,
"Mar 21, 2023 1:00 PM",178,100,78,42,21,21,32,18,14,,,,591,288,303,,,,75,32,43,,,
"Mar 21, 2023 2:00 PM",116,56,60,29,22,7,19,10,9,,,,1025,534,491,,,,56,21,35,,,
"Mar 21, 2023 3:00 PM",67,47,20,32,21,11,21,15,6,,,,935,425,510,,,,75,18,57,,,
"Mar 21, 2023 4:00 PM",31,17,14,20,15,5,9,5,4,,,,822,273,549,,,,39,17,22,,,
"Mar 21, 2023 5:00 PM",48,21,27,18,10,8,29,18,11,0,0,0,823,358,465,,,,47,26,21,,,
"Mar 21, 2023 6:00 PM",70,42,28,26,13,13,23,12,11,0,0,0,574,263,311,,,,48,27,21,,,
"Mar 21, 2023 7:00 PM",54,36,18,35,13,22,28,15,13,0,0,0,492,230,262,,,,50,32,18,,,
"Mar 21, 2023 8:00 PM",54,27,27,26,9,17,15,6,9,0,0,0,397,185,212,,,,19,8,11,,,
"Mar 21, 2023 9:00 PM",39,23,16,18,5,13,13,5,8,0,0,0,426,159,267,,,,22,9,13,,,
"Mar 21, 2023 10:00 PM",9,4,5,6,5,1,3,0,3,0,0,0,748,427,321,,,,10,6,4,,,
"Mar 21, 2023 11:00 PM",4,3,1,3,1,2,3,2,1,0,0,0,468,360,108,,,,8,4,4,,,
"Mar 22, 2023 12:00 AM",0,0,0,0,0,0,0,0,0,,,,696,400,296,,,,3,3,0,,,
"Mar 22, 2023 1:00 AM",2,1,1,0,0,0,0,0,0,,,,563,352,211,,,,0,0,0,,,
"Mar 22, 2023 2:00 AM",0,0,0,0,0,0,0,0,0,,,,323,184,139,,,,0,0,0,,,
"Mar 22, 2023 3:00 AM",0,0,0,0,0,0,0,0,0,,,,407,298,109,,,,1,1,0,,,
"Mar 22, 2023 4:00 AM",0,0,0,1,1,0,0,0,0,,,,476,335,141,,,,0,0,0,,,
"Mar 22, 2023 5:00 AM",7,3,4,6,1,5,1,1,0,,,,511,346,165,,,,6,3,3,,,
"Mar 22, 2023 6:00 AM",45,20,25,12,8,4,13,9,4,,,,196,113,83,,,,11,7,4,,,
"Mar 22, 2023 7:00 AM",62,30,32,29,11,18,26,13,13,,,,879,400,479,,,,48,23,25,,,
"Mar 22, 2023 8:00 AM",105,56,49,54,27,27,32,15,17,,,,1063,489,574,,,,140,101,39,,,
"Mar 22, 2023 9:00 AM",107,58,49,41,15,26,31,15,16,,,,660,329,331,,,,52,21,31,,,
"Mar 22, 2023 10:00 AM",118,61,57,55,30,25,44,26,18,,,,667,335,332,,,,31,15,16,,,
"Mar 22, 2023 11:00 AM",147,92,55,54,26,28,36,18,18,,,,947,398,549,,,,33,16,17,,,
"Mar 22, 2023 12:00 PM",165,84,81,50,30,20,40,22,18,,,,731,381,350,,,,35,19,16,,,
"Mar 22, 2023 1:00 PM",184,93,91,57,26,31,45,22,23,,,,1108,573,535,,,,71,40,31,,,
"Mar 22, 2023 2:00 PM",160,88,72,48,28,20,31,16,15,,,,874,447,427,,,,98,62,36,,,
"Mar 22, 2023 3:00 PM",94,41,53,22,13,9,22,11,11,,,,910,429,481,,,,88,25,63,,,
"Mar 22, 2023 4:00 PM",87,46,41,18,7,11,20,9,11,,,,998,501,497,,,,61,30,31,,,
"Mar 22, 2023 5:00 PM",97,47,50,37,19,18,55,29,26,,,,1102,500,602,,,,75,33,42,,,
"Mar 22, 2023 6:00 PM",108,59,49,53,27,26,34,19,15,,,,1230,546,684,,,,81,43,38,,,
"Mar 22, 2023 7:00 PM",72,35,37,26,13,13,25,13,12,,,,1145,510,635,,,,41,20,21,,,
"Mar 22, 2023 8:00 PM",59,37,22,36,16,20,27,14,13,,,,731,354,377,,,,26,12,14,,,
"Mar 22, 2023 9:00 PM",34,18,16,15,10,5,14,5,9,,,,1259,595,664,,,,13,6,7,,,
"Mar 22, 2023 10:00 PM",16,10,6,7,5,2,6,5,1,,,,1381,744,637,,,,20,7,13,,,
"Mar 22, 2023 11:00 PM",3,0,3,2,1,1,4,2,2,,,,1476,642,834,,,,10,6,4,,,
"Mar 23, 2023 12:00 AM",1,1,0,0,0,0,1,0,1,,,,290,149,141,,,,12,6,6,,,
"Mar 23, 2023 1:00 AM",0,0,0,2,1,1,0,0,0,,,,245,132,113,,,,5,5,0,,,
"Mar 23, 2023 2:00 AM",0,0,0,0,0,0,0,0,0,,,,66,27,39,,,,1,1,0,,,
"Mar 23, 2023 3:00 AM",0,0,0,2,2,0,0,0,0,,,,189,86,103,,,,1,1,0,,,
"Mar 23, 2023 4:00 AM",1,0,1,2,1,1,0,0,0,,,,68,27,41,,,,0,0,0,,,
"Mar 23, 2023 5:00 AM",5,2,3,2,1,1,3,2,1,,,,38,33,5,,,,4,0,4,,,
"Mar 23, 2023 6:00 AM",45,22,23,20,9,11,16,8,8,,,,334,152,182,,,,12,7,5,,,
"Mar 23, 2023 7:00 AM",51,22,29,23,5,18,21,6,15,,,,728,254,474,,,,39,15,24,,,
"Mar 23, 2023 8:00 AM",109,53,56,45,13,32,20,9,11,,,,1351,517,834,,,,143,108,35,,,
"Mar 23, 2023 9:00 AM",106,64,42,112,91,21,18,10,8,,,,1337,617,720,,,,38,21,17,,,
"Mar 23, 2023 10:00 AM",108,55,53,49,25,24,28,18,10,,,,817,445,372,,,,24,13,11,,,
"Mar 23, 2023 11:00 AM",159,91,68,57,22,35,14,8,6,,,,560,294,266,,,,29,12,17,,,
"Mar 23, 2023 12:00 PM",151,89,62,40,19,21,27,17,10,,,,801,392,409,,,,47,18,29,,,
"Mar 23, 2023 1:00 PM",161,71,90,57,27,30,57,27,30,,,,891,515,376,,,,74,42,32,,,
"Mar 23, 2023 2:00 PM",142,82,60,44,20,24,38,20,18,,,,793,454,339,,,,78,41,37,,,
"Mar 23, 2023 3:00 PM",111,62,49,43,27,16,35,21,14,,,,1106,550,556,,,,113,33,80,,,
"Mar 23, 2023 4:00 PM",112,71,41,46,29,17,38,24,14,,,,1111,596,515,,,,65,28,37,,,
"Mar 23, 2023 5:00 PM",104,49,55,41,26,15,42,20,22,,,,1123,502,621,,,,63,37,26,,,
"Mar 23, 2023 6:00 PM",135,83,52,38,21,17,43,32,11,,,,1099,451,648,,,,85,44,41,,,
"Mar 23, 2023 7:00 PM",119,73,46,34,17,17,14,8,6,,,,781,337,444,,,,65,38,27,,,
"Mar 23, 2023 8:00 PM",83,49,34,32,17,15,22,9,13,,,,831,390,441,,,,52,24,28,,,
"Mar 23, 2023 9:00 PM",48,31,17,8,1,7,12,7,5,,,,1273,560,713,,,,21,6,15,,,
"Mar 23, 2023 10:00 PM",16,7,9,5,3,2,10,1,9,,,,1375,576,799,,,,14,4,10,,,
"Mar 23, 2023 11:00 PM",10,8,2,4,2,2,1,0,1,,,,887,471,416,,,,2,0,2,,,
"Mar 24, 2023 12:00 AM",0,0,0,0,0,0,2,1,1,,,,795,401,394,,,,8,6,2,,,
"Mar 24, 2023 1:00 AM",0,0,0,0,0,0,0,0,0,,,,288,137,151,,,,1,1,0,,,
"Mar 24, 2023 2:00 AM",0,0,0,0,0,0,0,0,0,,,,234,128,106,,,,0,0,0,,,
"Mar 24, 2023 3:00 AM",0,0,0,0,0,0,0,0,0,,,,427,317,110,,,,0,0,0,,,
"Mar 24, 2023 4:00 AM",0,0,0,1,1,0,1,0,1,,,,283,157,126,,,,1,1,0,,,
"Mar 24, 2023 5:00 AM",7,2,5,6,1,5,1,0,1,,,,66,35,31,,,,2,0,2,,,
"Mar 24, 2023 6:00 AM",44,22,22,10,6,4,10,8,2,,,,422,204,218,,,,7,4,3,,,
"Mar 24, 2023 7:00 AM",49,22,27,26,14,12,16,5,11,,,,1190,497,693,,,,25,9,16,,,
"Mar 24, 2023 8:00 AM",93,42,51,40,15,25,24,14,10,,,,1478,636,842,,,,126,87,39,,,
"Mar 24, 2023 9:00 AM",120,71,49,38,15,23,25,18,7,,,,1354,568,786,,,,44,18,26,,,
"Mar 24, 2023 10:00 AM",136,68,68,36,16,20,44,28,16,,,,563,278,285,,,,26,5,21,,,
"Mar 24, 2023 11:00 AM",133,70,63,42,22,20,29,10,19,,,,946,456,490,,,,41,25,16,,,
"Mar 24, 2023 12:00 PM",165,97,68,43,20,23,38,20,18,,,,1244,617,627,,,,42,19,23,,,
"Mar 24, 2023 1:00 PM",158,92,66,41,21,20,51,26,25,,,,1143,517,626,,,,111,41,70,,,
"Mar 24, 2023 2:00 PM",104,75,29,26,13,13,29,15,14,,,,905,411,494,,,,69,39,30,,,
"Mar 24, 2023 3:00 PM",90,37,53,29,17,12,13,3,10,,,,1302,554,748,,,,53,16,37,,,
"Mar 24, 2023 4:00 PM",98,39,59,34,22,12,22,13,9,,,,1805,716,1089,,,,52,23,29,,,
"Mar 24, 2023 5:00 PM",98,56,42,85,60,25,20,11,9,,,,1482,584,898,,,,53,28,25,,,
"Mar 24, 2023 6:00 PM",90,59,31,44,23,21,18,9,9,,,,1227,475,752,,,,51,26,25,,,
"Mar 24, 2023 7:00 PM",72,36,36,46,10,36,12,7,5,,,,1499,505,994,,,,32,13,19,,,
"Mar 24, 2023 8:00 PM",27,15,12,9,6,3,9,5,4,,,,1289,472,817,,,,26,15,11,,,
"Mar 24, 2023 9:00 PM",26,16,10,9,4,5,8,3,5,,,,1215,460,755,,,,10,5,5,,,
"Mar 24, 2023 10:00 PM",11,10,1,3,1,2,8,6,2,,,,1661,639,1022,,,,26,10,16,,,
"Mar 24, 2023 11:00 PM",1,0,1,1,0,1,4,3,1,,,,1289,478,811,,,,7,6,1,,,
"Mar 25, 2023 12:00 AM",0,0,0,1,0,1,1,0,1,,,,1542,623,919,,,,5,2,3,,,
"Mar 25, 2023 1:00 AM",1,1,0,1,1,0,0,0,0,,,,1380,646,734,,,,6,5,1,,,
"Mar 25, 2023 2:00 AM",0,0,0,1,1,0,0,0,0,,,,660,392,268,,,,2,2,0,,,
"Mar 25, 2023 3:00 AM",0,0,0,0,0,0,0,0,0,,,,647,417,230,,,,3,1,2,,,
"Mar 25, 2023 4:00 AM",0,0,0,0,0,0,0,0,0,,,,531,270,261,,,,2,2,0,,,
"Mar 25, 2023 5:00 AM",2,1,1,1,1,0,1,0,1,,,,577,385,192,,,,2,1,1,,,
"Mar 25, 2023 6:00 AM",14,5,9,8,5,3,7,5,2,,,,269,136,133,,,,3,1,2,,,
"Mar 25, 2023 7:00 AM",40,18,22,16,13,3,20,15,5,,,,513,288,225,,,,14,9,5,,,
"Mar 25, 2023 8:00 AM",92,44,48,50,21,29,45,20,25,,,,624,309,315,,,,36,11,25,,,
"Mar 25, 2023 9:00 AM",115,61,54,58,33,25,41,24,17,,,,602,305,297,,,,41,19,22,,,
"Mar 25, 2023 10:00 AM",200,104,96,98,59,39,84,47,37,,,,861,389,472,,,,63,29,34,,,
"Mar 25, 2023 11:00 AM",265,170,95,71,37,34,63,28,35,,,,1309,576,733,,,,66,32,34,,,
"Mar 25, 2023 12:00 PM",199,121,78,61,33,28,60,41,19,,,,1273,567,706,,,,59,30,29,,,
"Mar 25, 2023 1:00 PM",243,150,93,73,31,42,74,44,30,,,,791,343,448,,,,67,29,38,,,
"Mar 25, 2023 2:00 PM",258,160,98,108,60,48,65,42,23,,,,824,346,478,,,,65,24,41,,,
"Mar 25, 2023 3:00 PM",225,122,103,41,20,21,44,20,24,,,,936,339,597,,,,55,21,34,,,
"Mar 25, 2023 4:00 PM",256,134,122,83,52,31,64,32,32,,,,807,328,479,,,,69,29,40,,,
"Mar 25, 2023 5:00 PM",244,134,110,73,25,48,40,21,19,,,,792,335,457,,,,69,33,36,,,
"Mar 25, 2023 6:00 PM",191,91,100,50,25,25,41,13,28,,,,863,264,599,,,,66,38,28,,,
"Mar 25, 2023 7:00 PM",160,99,61,37,17,20,25,7,18,,,,947,343,604,,,,55,29,26,,,
"Mar 25, 2023 8:00 PM",79,38,41,16,12,4,19,11,8,,,,969,306,663,,,,61,32,29,,,
"Mar 25, 2023 9:00 PM",46,26,20,7,5,2,13,7,6,,,,1240,433,807,,,,29,14,15,,,
"Mar 25, 2023 10:00 PM",20,13,7,5,1,4,19,15,4,,,,1255,430,825,,,,15,6,9,,,
"Mar 25, 2023 11:00 PM",13,5,8,4,1,3,4,0,4,,,,1348,478,870,,,,10,7,3,,,
"Mar 26, 2023 12:00 AM",1,0,1,5,1,4,3,1,2,,,,621,271,350,,,,10,7,3,,,
"Mar 26, 2023 2:00 AM",,,,,,,,,,,,,,,,,,,,,,,,
"Mar 26, 2023 2:00 AM",1,0,1,5,2,3,1,0,1,,,,639,283,356,,,,11,7,4,,,
"Mar 26, 2023 3:00 AM",0,0,0,0,0,0,1,0,1,,,,85,28,57,,,,11,6,5,,,
"Mar 26, 2023 4:00 AM",0,0,0,0,0,0,0,0,0,,,,69,40,29,,,,2,2,0,,,
"Mar 26, 2023 5:00 AM",0,0,0,0,0,0,0,0,0,,,,513,160,353,,,,7,5,2,,,
"Mar 26, 2023 6:00 AM",16,1,15,2,1,1,1,1,0,,,,452,152,300,,,,2,2,0,,,
"Mar 26, 2023 7:00 AM",25,12,13,11,8,3,8,5,3,,,,240,89,151,,,,8,4,4,,,
"Mar 26, 2023 8:00 AM",41,17,24,23,15,8,13,10,3,,,,398,137,261,,,,12,7,5,,,
"Mar 26, 2023 9:00 AM",103,51,52,40,25,15,38,18,20,,,,468,188,280,,,,30,15,15,,,
"Mar 26, 2023 10:00 AM",92,60,32,56,32,24,30,16,14,,,,1078,449,629,,,,18,10,8,,,
"Mar 26, 2023 11:00 AM",186,107,79,47,23,24,43,25,18,,,,1062,453,609,,,,29,16,13,,,
"Mar 26, 2023 12:00 PM",274,149,125,65,28,37,48,28,20,,,,732,304,428,,,,62,35,27,,,
"Mar 26, 2023 1:00 PM",275,135,140,49,27,22,55,32,23,,,,996,354,642,,,,30,7,23,,,
"Mar 26, 2023 2:00 PM",314,200,114,62,24,38,50,26,24,,,,867,370,497,,,,39,19,20,,,
"Mar 26, 2023 3:00 PM",320,162,158,66,35,31,55,29,26,,,,868,420,448,,,,41,18,23,,,
"Mar 26, 2023 4:00 PM",367,201,166,88,46,42,58,26,32,,,,993,480,513,,,,49,21,28,,,
"Mar 26, 2023 5:00 PM",296,152,144,70,32,38,45,28,17,,,,865,391,474,,,,55,30,25,,,
"Mar 26, 2023 6:00 PM",178,88,90,51,24,27,24,14,10,,,,1137,439,698,,,,50,23,27,,,
"Mar 26, 2023 7:00 PM",112,65,47,29,19,10,24,12,12,,,,982,343,639,,,,44,17,27,,,
"Mar 26, 2023 8:00 PM",117,62,55,17,9,8,19,5,14,,,,1316,443,873,,,,25,14,11,,,
"Mar 26, 2023 9:00 PM",41,29,12,19,9,10,13,5,8,,,,1283,399,884,,,,16,9,7,,,
"Mar 26, 2023 10:00 PM",11,7,4,5,0,5,1,1,0,,,,774,238,536,,,,8,3,5,,,
"Mar 26, 2023 11:00 PM",3,2,1,5,2,3,1,0,1,,,,699,258,441,,,,2,2,0,,,
"Mar 27, 2023 12:00 AM",0,0,0,1,1,0,2,0,2,,,,664,280,384,,,,5,2,3,,,
"Mar 27, 2023 1:00 AM",0,0,0,0,0,0,0,0,0,,,,612,213,399,,,,1,0,1,,,
"Mar 27, 2023 2:00 AM",1,1,0,1,1,0,0,0,0,,,,361,166,195,,,,2,0,2,,,
"Mar 27, 2023 3:00 AM",0,0,0,0,0,0,0,0,0,,,,305,134,171,,,,4,1,3,,,
"Mar 27, 2023 4:00 AM",0,0,0,1,1,0,0,0,0,,,,360,209,151,,,,0,0,0,,,
"Mar 27, 2023 5:00 AM",4,1,3,2,1,1,1,0,1,,,,226,126,100,,,,3,1,2,,,
"Mar 27, 2023 6:00 AM",24,8,16,10,3,7,7,6,1,,,,291,150,141,,,,7,5,2,,,
"Mar 27, 2023 7:00 AM",45,21,24,22,11,11,14,8,6,,,,903,380,523,,,,32,14,18,,,
"Mar 27, 2023 8:00 AM",87,38,49,32,14,18,25,13,12,,,,1812,713,1099,,,,120,82,38,,,
"Mar 27, 2023 9:00 AM",101,53,48,30,14,16,18,12,6,,,,1010,410,600,,,,55,31,24,,,
"Mar 27, 2023 10:00 AM",134,75,59,44,27,17,41,24,17,,,,801,303,498,,,,32,15,17,,,
"Mar 27, 2023 11:00 AM",133,75,58,42,20,22,36,16,20,,,,894,377,517,,,,46,20,26,,,
"Mar 27, 2023 12:00 PM",165,88,77,50,21,29,44,25,19,,,,916,421,495,,,,60,23,37,,,
"Mar 27, 2023 1:00 PM",192,111,81,45,18,27,51,21,30,,,,1126,480,646,,,,59,28,31,,,
"Mar 27, 2023 2:00 PM",141,69,72,59,38,21,25,12,13,,,,943,428,515,,,,54,23,31,,,
"Mar 27, 2023 3:00 PM",165,109,56,44,27,17,28,11,17,,,,986,430,556,,,,115,32,83,,,
"Mar 27, 2023 4:00 PM",146,56,90,44,19,25,22,11,11,,,,1053,446,607,,,,88,39,49,,,
"Mar 27, 2023 5:00 PM",124,67,57,46,32,14,37,25,12,,,,1199,507,692,,,,81,37,44,,,
"Mar 27, 2023 6:00 PM",121,76,45,62,33,29,61,28,33,,,,1300,484,816,,,,62,20,42,,,
"Mar 27, 2023 7:00 PM",105,55,50,51,28,23,39,21,18,,,,867,373,494,,,,48,27,21,,,
"Mar 27, 2023 8:00 PM",97,50,47,56,26,30,26,15,11,,,,889,324,565,,,,24,13,11,,,
"Mar 27, 2023 9:00 PM",41,25,16,9,7,2,12,3,9,,,,888,314,574,,,,20,11,9,,,
"Mar 27, 2023 10:00 PM",14,7,7,6,3,3,4,2,2,,,,1494,487,1007,,,,19,10,9,,,
"Mar 27, 2023 11:00 PM",4,2,2,4,2,2,1,0,1,,,,537,179,358,,,,6,6,0,,,
"Mar 28, 2023 12:00 AM",0,0,0,1,0,1,0,0,0,,,,779,309,470,,,,4,3,1,,,
"Mar 28, 2023 1:00 AM",1,1,0,0,0,0,0,0,0,,,,544,205,339,,,,1,1,0,,,
"Mar 28, 2023 2:00 AM",0,0,0,0,0,0,0,0,0,,,,319,205,114,,,,1,0,1,,,
"Mar 28, 2023 3:00 AM",0,0,0,0,0,0,0,0,0,,,,74,21,53,,,,0,0,0,,,
"Mar 28, 2023 4:00 AM",0,0,0,1,1,0,0,0,0,,,,71,24,47,,,,3,3,0,,,
"Mar 28, 2023 5:00 AM",2,1,1,1,0,1,0,0,0,,,,43,14,29,,,,1,0,1,,,
"Mar 28, 2023 6:00 AM",15,4,11,7,4,3,14,5,9,,,,170,62,108,,,,13,5,8,,,
"Mar 28, 2023 7:00 AM",18,6,12,13,3,10,12,5,7,,,,667,201,466,,,,33,12,21,,,
"Mar 28, 2023 8:00 AM",40,18,22,17,5,12,11,6,5,,,,737,234,503,,,,98,64,34,,,
"Mar 28, 2023 9:00 AM",45,18,27,23,13,10,16,6,10,,,,649,213,436,,,,54,32,22,,,
"Mar 28, 2023 10:00 AM",77,42,35,33,20,13,20,13,7,,,,476,142,334,,,,49,16,33,,,
"Mar 28, 2023 11:00 AM",94,51,43,14,6,8,21,13,8,,,,335,149,186,,,,23,14,9,,,
"Mar 28, 2023 12:00 PM",107,59,48,31,18,13,28,14,14,,,,382,175,207,,,,52,29,23,,,
"Mar 28, 2023 1:00 PM",136,75,61,42,26,16,34,19,15,,,,682,321,361,,,,65,28,37,,,
"Mar 28, 2023 2:00 PM",131,80,51,40,20,20,24,8,16,,,,946,432,514,,,,62,29,33,,,
"Mar 28, 2023 3:00 PM",122,60,62,34,18,16,28,15,13,,,,856,409,447,,,,103,21,82,,,
"Mar 28, 2023 4:00 PM",108,65,43,37,18,19,25,17,8,,,,1045,479,566,,,,71,29,42,,,
"Mar 28, 2023 5:00 PM",111,52,59,54,38,16,44,27,17,,,,1123,506,617,,,,65,31,34,,,
"Mar 28, 2023 6:00 PM",187,106,81,64,42,22,57,34,23,,,,970,467,503,,,,80,42,38,,,
"Mar 28, 2023 7:00 PM",203,122,81,74,35,39,43,20,23,,,,484,216,268,,,,81,43,38,,,
"Mar 28, 2023 8:00 PM",162,86,76,46,19,27,25,12,13,,,,1008,371,637,,,,37,18,19,,,
"Mar 28, 2023 9:00 PM",83,45,38,31,15,16,27,8,19,,,,529,221,308,,,,39,17,22,,,
"Mar 28, 2023 10:00 PM",25,12,13,8,4,4,12,6,6,,,,393,185,208,,,,18,8,10,,,
"Mar 28, 2023 11:00 PM",6,3,3,4,2,2,6,0,6,,,,543,183,360,,,,11,5,6,,,
"Mar 29, 2023 12:00 AM",1,0,1,0,0,0,0,0,0,,,,218,85,133,,,,6,4,2,,,
"Mar 29, 2023 1:00 AM",1,1,0,0,0,0,0,0,0,,,,207,85,122,,,,5,4,1,,,
"Mar 29, 2023 2:00 AM",0,0,0,0,0,0,0,0,0,,,,122,34,88,,,,0,0,0,,,
"Mar 29, 2023 3:00 AM",0,0,0,0,0,0,0,0,0,,,,78,16,62,,,,1,1,0,,,
"Mar 29, 2023 4:00 AM",0,0,0,0,0,0,0,0,0,,,,3,0,3,,,,0,0,0,,,
"Mar 29, 2023 5:00 AM",7,4,3,1,0,1,0,0,0,,,,31,17,14,,,,4,1,3,,,
"Mar 29, 2023 6:00 AM",47,21,26,13,6,7,10,5,5,,,,269,107,162,,,,8,5,3,,,
"Mar 29, 2023 7:00 AM",62,32,30,25,7,18,17,6,11,,,,687,296,391,,,,34,15,19,,,
"Mar 29, 2023 8:00 AM",80,37,43,30,13,17,16,7,9,,,,874,396,478,,,,118,76,42,,,
"Mar 29, 2023 9:00 AM",89,39,50,31,16,15,26,15,11,,,,730,337,393,,,,46,25,21,,,
"Mar 29, 2023 10:00 AM",68,33,35,19,9,10,23,13,10,,,,814,358,456,,,,30,14,16,,,
"Mar 29, 2023 11:00 AM",26,17,9,13,8,5,13,10,3,,,,577,212,365,,,,17,8,9,,,
"Mar 29, 2023 12:00 PM",36,19,17,22,12,10,14,12,2,,,,446,181,265,,,,24,12,12,,,
"Mar 29, 2023 1:00 PM",108,47,61,38,22,16,43,20,23,,,,1227,618,609,,,,59,29,30,,,
"Mar 29, 2023 2:00 PM",113,58,55,38,16,22,29,13,16,,,,1161,691,470,,,,117,47,70,,,
"Mar 29, 2023 3:00 PM",149,88,61,71,50,21,24,16,8,,,,936,465,471,,,,123,33,90,,,
"Mar 29, 2023 4:00 PM",152,90,62,64,17,47,56,31,25,,,,1113,623,490,,,,85,38,47,,,
"Mar 29, 2023 5:00 PM",188,109,79,43,25,18,54,31,23,,,,1066,633,433,,,,76,32,44,,,
"Mar 29, 2023 6:00 PM",209,110,99,48,29,19,52,24,28,,,,1109,621,488,,,,88,43,45,,,
"Mar 29, 2023 7:00 PM",239,146,93,70,45,25,51,26,25,,,,1040,479,561,,,,57,25,32,,,
"Mar 29, 2023 8:00 PM",173,93,80,55,21,34,51,26,25,,,,839,415,424,,,,49,22,27,,,
"Mar 29, 2023 9:00 PM",79,45,34,24,6,18,24,9,15,,,,592,268,324,,,,33,12,21,,,
"Mar 29, 2023 10:00 PM",21,15,6,9,2,7,11,3,8,,,,1254,643,611,,,,31,12,19,,,
"Mar 29, 2023 11:00 PM",6,3,3,1,0,1,2,0,2,,,,823,378,445,,,,6,3,3,,,
"Mar 30, 2023 12:00 AM",0,0,0,0,0,0,0,0,0,,,,502,276,226,,,,7,6,1,,,
"Mar 30, 2023 1:00 AM",1,1,0,0,0,0,0,0,0,,,,248,196,52,,,,2,2,0,,,
"Mar 30, 2023 2:00 AM",0,0,0,0,0,0,0,0,0,,,,58,30,28,,,,2,0,2,,,
"Mar 30, 2023 3:00 AM",0,0,0,0,0,0,0,0,0,,,,388,244,144,,,,0,0,0,,,
"Mar 30, 2023 4:00 AM",0,0,0,0,0,0,0,0,0,,,,312,143,169,,,,2,2,0,,,
"Mar 30, 2023 5:00 AM",1,1,0,3,1,2,1,0,1,,,,193,60,133,,,,1,0,1,,,
"Mar 30, 2023 6:00 AM",45,24,21,12,6,6,14,6,8,0,0,0,381,121,260,,,,14,7,7,,,
"Mar 30, 2023 7:00 AM",57,21,36,30,8,22,15,6,9,0,0,0,729,288,441,,,,31,10,21,,,
"Mar 30, 2023 8:00 AM",94,51,43,44,21,23,34,17,17,0,0,0,1096,434,662,,,,119,82,37,,,
"Mar 30, 2023 9:00 AM",101,51,50,45,27,18,20,10,10,18,7,11,727,324,403,,,,48,25,23,,,
"Mar 30, 2023 10:00 AM",116,65,51,39,19,20,34,22,12,22,8,14,961,509,452,,,,34,19,15,,,
"Mar 30, 2023 11:00 AM",149,87,62,42,25,17,49,24,25,33,24,9,925,502,423,,,,36,21,15,,,
"Mar 30, 2023 12:00 PM",156,84,72,57,27,30,23,8,15,69,51,18,817,387,430,,,,37,15,22,,,
"Mar 30, 2023 1:00 PM",174,95,79,64,30,34,44,24,20,111,42,69,1162,558,604,,,,67,40,27,,,
"Mar 30, 2023 2:00 PM",131,66,65,38,20,18,28,9,19,9,3,6,968,500,468,,,,74,42,32,,,
"Mar 30, 2023 3:00 PM",128,69,59,45,22,23,31,11,20,40,19,21,1377,801,576,,,,99,35,64,,,
"Mar 30, 2023 4:00 PM",124,66,58,49,33,16,25,15,10,45,24,21,1545,905,640,,,,107,49,58,,,
"Mar 30, 2023 5:00 PM",125,67,58,37,22,15,42,23,19,26,12,14,1476,730,746,,,,103,56,47,,,
"Mar 30, 2023 6:00 PM",153,81,72,50,26,24,37,23,14,6,3,3,1165,554,611,,,,100,53,47,,,
"Mar 30, 2023 7:00 PM",102,54,48,50,27,23,36,13,23,0,0,0,1354,566,788,,,,76,41,35,,,
"Mar 30, 2023 8:00 PM",108,68,40,42,20,22,26,15,11,0,0,0,1078,470,608,,,,36,15,21,,,
"Mar 30, 2023 9:00 PM",33,15,18,14,6,8,11,2,9,57,30,27,869,340,529,,,,22,4,18,,,
"Mar 30, 2023 10:00 PM",10,9,1,2,1,1,1,0,1,0,0,0,430,176,254,,,,6,2,4,,,
"Mar 30, 2023 11:00 PM",4,2,2,3,1,2,7,4,3,0,0,0,288,105,183,,,,11,6,5,,,
"Mar 31, 2023 12:00 AM",0,0,0,0,0,0,0,0,0,,,,123,60,63,,,,7,6,1,,,
"Mar 31, 2023 1:00 AM",0,0,0,0,0,0,0,0,0,,,,67,14,53,,,,1,1,0,,,
"Mar 31, 2023 2:00 AM",0,0,0,0,0,0,0,0,0,,,,41,17,24,,,,0,0,0,,,
"Mar 31, 2023 3:00 AM",0,0,0,0,0,0,0,0,0,,,,3,2,1,,,,1,1,0,,,
"Mar 31, 2023 4:00 AM",0,0,0,0,0,0,0,0,0,,,,18,3,15,,,,0,0,0,,,
"Mar 31, 2023 5:00 AM",6,2,4,1,0,1,0,0,0,,,,173,33,140,,,,3,2,1,,,
"Mar 31, 2023 6:00 AM",29,14,15,10,7,3,9,4,5,,,,137,52,85,,,,8,6,2,,,
"Mar 31, 2023 7:00 AM",36,19,17,16,4,12,6,5,1,,,,481,144,337,,,,42,21,21,,,
"Mar 31, 2023 8:00 AM",77,40,37,28,12,16,22,10,12,,,,683,241,442,,,,86,55,31,,,
"Mar 31, 2023 9:00 AM",73,47,26,28,18,10,22,15,7,,,,377,168,209,,,,38,14,24,,,
"Mar 31, 2023 10:00 AM",81,41,40,29,18,11,21,12,9,,,,625,250,375,,,,34,18,16,,,
"Mar 31, 2023 11:00 AM",92,50,42,32,13,19,14,2,12,,,,251,117,134,,,,37,24,13,,,
"Mar 31, 2023 12:00 PM",95,59,36,25,17,8,19,14,5,,,,418,179,239,,,,78,25,53,,,
"Mar 31, 2023 1:00 PM",69,43,26,29,17,12,25,15,10,,,,587,213,374,,,,88,22,66,,,
"Mar 31, 2023 2:00 PM",80,43,37,17,4,13,26,11,15,,,,590,243,347,,,,45,25,20,,,
"Mar 31, 2023 3:00 PM",59,20,39,15,12,3,20,10,10,,,,654,225,429,,,,45,21,24,,,
"Mar 31, 2023 4:00 PM",45,26,19,16,8,8,12,5,7,,,,284,88,196,,,,57,32,25,,,
"Mar 31, 2023 5:00 PM",58,26,32,22,7,15,14,8,6,,,,317,117,200,,,,28,16,12,,,
"Mar 31, 2023 6:00 PM",34,17,17,30,16,14,13,4,9,,,,431,192,239,,,,46,26,20,,,
"Mar 31, 2023 7:00 PM",20,9,11,12,7,5,12,8,4,,,,349,89,260,,,,38,18,20,,,
"Mar 31, 2023 8:00 PM",25,13,12,11,9,2,10,7,3,,,,385,103,282,,,,20,9,11,,,
"Mar 31, 2023 9:00 PM",12,7,5,5,2,3,7,3,4,,,,251,100,151,,,,13,4,9,,,
"Mar 31, 2023 10:00 PM",8,5,3,4,1,3,2,0,2,,,,292,141,151,,,,13,3,10,,,
"Mar 31, 2023 11:00 PM",8,5,3,4,0,4,5,3,2,,,,210,96,114,,,,9,3,6,,,
"Apr 1, 2023 12:00 AM",0,0,0,0,0,0,1,0,1,,,,59,24,35,,,,6,2,4,,,
"Apr 1, 2023 1:00 AM",4,4,0,2,1,1,4,0,4,,,,15,10,5,,,,8,7,1,,,
"Apr 1, 2023 2:00 AM",1,0,1,0,0,0,0,0,0,,,,53,46,7,,,,4,2,2,,,
"Apr 1, 2023 3:00 AM",0,0,0,0,0,0,0,0,0,,,,35,7,28,,,,1,0,1,,,
"Apr 1, 2023 4:00 AM",0,0,0,0,0,0,0,0,0,,,,3,2,1,,,,2,2,0,,,
"Apr 1, 2023 5:00 AM",0,0,0,1,1,0,2,2,0,,,,11,4,7,,,,4,1,3,,,
"Apr 1, 2023 6:00 AM",4,0,4,3,1,2,3,3,0,,,,60,15,45,,,,3,1,2,,,
"Apr 1, 2023 7:00 AM",19,12,7,4,4,0,5,3,2,,,,201,57,144,,,,10,7,3,,,
"Apr 1, 2023 8:00 AM",29,11,18,22,12,10,19,10,9,,,,63,32,31,,,,18,7,11,,,
"Apr 1, 2023 9:00 AM",37,21,16,23,18,5,20,8,12,,,,122,45,77,,,,20,10,10,,,
"Apr 1, 2023 10:00 AM",86,45,41,33,17,16,20,12,8,,,,115,51,64,,,,40,21,19,,,
"Apr 1, 2023 11:00 AM",99,46,53,38,21,17,30,15,15,,,,144,58,86,,,,34,15,19,,,
"Apr 1, 2023 12:00 PM",103,58,45,31,14,17,32,21,11,,,,202,102,100,,,,37,20,17,,,
"Apr 1, 2023 1:00 PM",212,126,86,68,29,39,32,11,21,,,,256,97,159,,,,60,27,33,,,
"Apr 1, 2023 2:00 PM",194,106,88,56,28,28,53,28,25,,,,359,133,226,,,,64,33,31,,,
"Apr 1, 2023 3:00 PM",248,137,111,58,29,29,39,28,11,,,,503,204,299,,,,70,28,42,,,
"Apr 1, 2023 4:00 PM",191,103,88,66,36,30,50,22,28,,,,495,154,341,,,,58,25,33,,,
"Apr 1, 2023 5:00 PM",67,40,27,22,13,9,20,9,11,,,,116,49,67,,,,38,23,15,,,
"Apr 1, 2023 6:00 PM",36,19,17,9,6,3,13,5,8,,,,120,38,82,,,,30,9,21,,,
"Apr 1, 2023 7:00 PM",33,15,18,7,6,1,11,4,7,,,,385,116,269,,,,26,9,17,,,
"Apr 1, 2023 8:00 PM",20,14,6,18,12,6,11,3,8,,,,201,60,141,,,,24,10,14,,,
"Apr 1, 2023 9:00 PM",27,13,14,15,8,7,10,5,5,,,,287,81,206,,,,12,6,6,,,
"Apr 1, 2023 10:00 PM",12,7,5,7,1,6,6,5,1,,,,136,42,94,,,,10,9,1,,,
"Apr 1, 2023 11:00 PM",7,5,2,5,3,2,4,1,3,,,,363,135,228,,,,12,5,7,,,
"Apr 2, 2023 12:00 AM",0,0,0,0,0,0,7,4,3,,,,322,177,145,,,,9,7,2,,,
"Apr 2, 2023 1:00 AM",0,0,0,1,1,0,2,2,0,,,,86,51,35,,,,3,1,2,,,
"Apr 2, 2023 2:00 AM",1,1,0,3,0,3,7,4,3,,,,25,6,19,,,,6,3,3,,,
"Apr 2, 2023 3:00 AM",0,0,0,1,1,0,0,0,0,,,,32,23,9,,,,7,6,1,,,
"Apr 2, 2023 4:00 AM",1,1,0,0,0,0,0,0,0,,,,44,21,23,,,,2,1,1,,,
"Apr 2, 2023 5:00 AM",0,0,0,0,0,0,0,0,0,,,,9,4,5,,,,1,0,1,,,
"Apr 2, 2023 6:00 AM",15,7,8,5,3,2,3,1,2,,,,9,5,4,,,,5,2,3,,,
"Apr 2, 2023 7:00 AM",11,5,6,9,4,5,5,3,2,,,,253,64,189,,,,7,3,4,,,
"Apr 2, 2023 8:00 AM",59,29,30,28,19,9,23,14,9,,,,901,307,594,,,,19,12,7,,,
"Apr 2, 2023 9:00 AM",163,82,81,47,27,20,45,25,20,,,,660,241,419,,,,29,12,17,,,
"Apr 2, 2023 10:00 AM",231,121,110,93,47,46,44,22,22,,,,634,226,408,,,,34,15,19,,,
"Apr 2, 2023 11:00 AM",428,213,215,136,62,74,97,56,41,,,,394,210,184,,,,63,34,29,,,
"Apr 2, 2023 12:00 PM",584,339,245,116,71,45,134,88,46,0,0,0,498,212,286,,,,85,44,41,,,
"Apr 2, 2023 1:00 PM",686,389,297,160,97,63,114,61,53,,,,493,227,266,,,,102,62,40,,,
"Apr 2, 2023 2:00 PM",830,467,363,128,65,63,139,71,68,,,,744,283,461,,,,70,41,29,,,
"Apr 2, 2023 3:00 PM",787,438,349,152,69,83,111,52,59,,,,723,400,323,,,,89,53,36,,,
"Apr 2, 2023 4:00 PM",738,389,349,112,60,52,106,41,65,,,,951,482,469,,,,62,41,21,,,
"Apr 2, 2023 5:00 PM",491,250,241,68,28,40,77,33,44,,,,888,457,431,,,,55,25,30,,,
"Apr 2, 2023 6:00 PM",305,161,144,47,16,31,47,21,26,,,,877,444,433,,,,48,32,16,,,
"Apr 2, 2023 7:00 PM",223,122,101,41,20,21,27,8,19,,,,500,277,223,,,,57,26,31,,,
"Apr 2, 2023 8:00 PM",122,56,66,35,22,13,31,19,12,,,,424,200,224,,,,28,11,17,,,
"Apr 2, 2023 9:00 PM",63,34,29,15,8,7,15,8,7,,,,571,254,317,,,,18,9,9,,,
"Apr 2, 2023 10:00 PM",23,16,7,6,5,1,5,1,4,0,0,0,990,383,607,,,,22,10,12,,,
"Apr 2, 2023 11:00 PM",7,5,2,1,0,1,0,0,0,,,,307,137,170,,,,11,6,5,,,
"Apr 3, 2023 12:00 AM",0,0,0,1,0,1,0,0,0,,,,289,101,188,,,,5,2,3,,,
"Apr 3, 2023 1:00 AM",12,7,5,0,0,0,0,0,0,,,,48,31,17,,,,1,0,1,,,
"Apr 3, 2023 2:00 AM",6,0,6,2,0,2,0,0,0,,,,70,44,26,,,,2,1,1,,,
"Apr 3, 2023 3:00 AM",0,0,0,1,0,1,0,0,0,,,,26,17,9,,,,1,1,0,,,
"Apr 3, 2023 4:00 AM",0,0,0,1,1,0,0,0,0,,,,66,46,20,,,,0,0,0,,,
"Apr 3, 2023 5:00 AM",5,2,3,1,0,1,0,0,0,,,,45,26,19,,,,3,1,2,,,
"Apr 3, 2023 6:00 AM",26,12,14,6,3,3,12,6,6,,,,86,41,45,,,,11,7,4,,,
"Apr 3, 2023 7:00 AM",54,21,33,25,10,15,13,7,6,,,,425,206,219,,,,32,14,18,,,
"Apr 3, 2023 8:00 AM",109,54,55,33,15,18,31,11,20,,,,632,274,358,,,,32,13,19,,,
"Apr 3, 2023 9:00 AM",74,30,44,36,17,19,26,13,13,,,,420,154,266,,,,33,20,13,,,
"Apr 3, 2023 10:00 AM",103,55,48,24,17,7,19,12,7,,,,434,186,248,,,,40,20,20,,,
"Apr 3, 2023 11:00 AM",99,49,50,25,12,13,33,20,13,,,,645,288,357,,,,43,24,19,,,
"Apr 3, 2023 12:00 PM",99,52,47,42,28,14,44,27,17,,,,655,322,333,,,,51,28,23,,,
"Apr 3, 2023 1:00 PM",174,93,81,23,10,13,50,21,29,,,,853,356,497,,,,49,20,29,,,
"Apr 3, 2023 2:00 PM",135,77,58,40,18,22,30,18,12,,,,854,368,486,,,,39,17,22,,,
"Apr 3, 2023 3:00 PM",134,78,56,36,25,11,43,29,14,,,,604,300,304,,,,68,39,29,,,
"Apr 3, 2023 4:00 PM",131,73,58,59,29,30,46,19,27,,,,828,394,434,,,,86,32,54,,,
"Apr 3, 2023 5:00 PM",172,89,83,57,31,26,50,35,15,,,,890,442,448,,,,78,37,41,,,
"Apr 3, 2023 6:00 PM",187,105,82,59,34,25,61,28,33,,,,941,426,515,,,,93,52,41,,,
"Apr 3, 2023 7:00 PM",234,130,104,56,19,37,34,23,11,,,,786,342,444,,,,62,34,28,,,
"Apr 3, 2023 8:00 PM",174,86,88,33,14,19,31,16,15,,,,634,216,418,,,,62,30,32,,,
"Apr 3, 2023 9:00 PM",67,42,25,23,6,17,21,5,16,,,,708,274,434,,,,30,17,13,,,
"Apr 3, 2023 10:00 PM",20,14,6,9,1,8,8,1,7,,,,1112,408,704,,,,23,7,16,,,
"Apr 3, 2023 11:00 PM",8,7,1,5,3,2,5,1,4,,,,1148,347,801,,,,11,5,6,,,
"Apr 4, 2023 12:00 AM",0,0,0,0,0,0,1,0,1,,,,339,191,148,,,,6,4,2,,,
"Apr 4, 2023 1:00 AM",0,0,0,0,0,0,0,0,0,,,,137,95,42,,,,2,2,0,,,
"Apr 4, 2023 2:00 AM",0,0,0,0,0,0,0,0,0,,,,79,65,14,,,,1,1,0,,,
"Apr 4, 2023 3:00 AM",0,0,0,0,0,0,0,0,0,,,,52,48,4,,,,1,1,0,,,
"Apr 4, 2023 4:00 AM",0,0,0,1,1,0,0,0,0,,,,18,13,5,,,,0,0,0,,,
"Apr 4, 2023 5:00 AM",4,0,4,1,0,1,0,0,0,,,,24,19,5,,,,3,2,1,,,
"Apr 4, 2023 6:00 AM",32,18,14,4,1,3,7,4,3,,,,107,55,52,,,,9,3,6,,,
"Apr 4, 2023 7:00 AM",49,25,24,15,5,10,21,16,5,,,,715,300,415,,,,28,16,12,,,
"Apr 4, 2023 8:00 AM",85,45,40,29,12,17,26,13,13,,,,661,263,398,,,,35,13,22,,,
"Apr 4, 2023 9:00 AM",64,33,31,28,12,16,25,12,13,,,,574,236,338,,,,45,25,20,,,
"Apr 4, 2023 10:00 AM",94,41,53,28,15,13,21,7,14,,,,534,230,304,,,,37,20,17,,,
"Apr 4, 2023 11:00 AM",139,83,56,42,21,21,19,10,9,,,,534,248,286,,,,35,16,19,,,
"Apr 4, 2023 12:00 PM",109,54,55,38,20,18,43,22,21,,,,917,344,573,,,,64,38,26,,,
"Apr 4, 2023 1:00 PM",153,86,67,44,22,22,41,21,20,0,0,0,845,412,433,,,,74,29,45,,,
"Apr 4, 2023 2:00 PM",123,69,54,29,22,7,28,11,17,,,,476,245,231,,,,54,31,23,,,
"Apr 4, 2023 3:00 PM",179,98,81,46,28,18,40,23,17,,,,677,336,341,,,,77,35,42,,,
"Apr 4, 2023 4:00 PM",207,112,95,40,22,18,28,17,11,,,,1337,624,713,,,,76,49,27,,,
"Apr 4, 2023 5:00 PM",157,79,78,64,34,30,51,27,24,,,,1110,553,557,,,,92,48,44,,,
"Apr 4, 2023 6:00 PM",197,106,91,94,69,25,58,28,30,,,,928,470,458,,,,112,62,50,,,
"Apr 4, 2023 7:00 PM",183,109,74,67,31,36,49,29,20,,,,502,234,268,,,,69,38,31,,,
"Apr 4, 2023 8:00 PM",168,91,77,75,28,47,30,17,13,,,,902,326,576,,,,39,20,19,,,
"Apr 4, 2023 9:00 PM",30,17,13,18,11,7,27,8,19,,,,581,156,425,,,,25,9,16,,,
"Apr 4, 2023 10:00 PM",14,9,5,4,1,3,3,1,2,,,,294,72,222,,,,5,3,2,,,
"Apr 4, 2023 11:00 PM",3,2,1,2,0,2,1,0,1,,,,523,173,350,,,,1,1,0,,,
"Apr 5, 2023 12:00 AM",0,0,0,2,1,1,1,0,1,,,,86,18,68,,,,4,4,0,,,
"Apr 5, 2023 1:00 AM",0,0,0,4,2,2,0,0,0,,,,111,58,53,,,,0,0,0,,,
"Apr 5, 2023 2:00 AM",0,0,0,1,0,1,0,0,0,,,,96,21,75,,,,1,1,0,,,
"Apr 5, 2023 3:00 AM",0,0,0,1,0,1,0,0,0,,,,153,22,131,,,,2,2,0,,,
"Apr 5, 2023 4:00 AM",0,0,0,0,0,0,0,0,0,,,,80,9,71,,,,0,0,0,,,
"Apr 5, 2023 5:00 AM",2,2,0,1,0,1,1,1,0,,,,23,4,19,,,,1,0,1,,,
"Apr 5, 2023 6:00 AM",25,12,13,9,4,5,10,8,2,,,,107,35,72,,,,6,5,1,,,
"Apr 5, 2023 7:00 AM",54,27,27,18,6,12,12,4,8,,,,458,107,351,,,,31,13,18,,,
"Apr 5, 2023 8:00 AM",84,41,43,39,17,22,34,15,19,,,,410,169,241,,,,41,20,21,,,
"Apr 5, 2023 9:00 AM",84,41,43,36,25,11,30,12,18,,,,429,178,251,,,,38,20,18,,,
"Apr 5, 2023 10:00 AM",90,39,51,10,5,5,25,13,12,,,,200,91,109,,,,36,17,19,,,
"Apr 5, 2023 11:00 AM",106,55,51,27,11,16,18,12,6,,,,339,167,172,,,,44,21,23,,,
"Apr 5, 2023 12:00 PM",143,78,65,36,23,13,33,21,12,,,,427,165,262,,,,39,22,17,,,
"Apr 5, 2023 1:00 PM",180,84,96,27,17,10,54,31,23,,,,550,212,338,,,,55,27,28,,,
"Apr 5, 2023 2:00 PM",114,64,50,39,17,22,28,11,17,,,,842,308,534,,,,44,21,23,,,
"Apr 5, 2023 3:00 PM",120,62,58,35,19,16,31,15,16,,,,505,227,278,,,,49,25,24,,,
"Apr 5, 2023 4:00 PM",119,71,48,23,12,11,22,16,6,,,,573,237,336,,,,55,24,31,,,
"Apr 5, 2023 5:00 PM",89,56,33,27,20,7,38,26,12,,,,1225,456,769,,,,53,24,29,,,
"Apr 5, 2023 6:00 PM",115,66,49,40,29,11,39,22,17,,,,824,351,473,,,,78,41,37,,,
"Apr 5, 2023 7:00 PM",158,94,64,52,28,24,58,30,28,,,,426,188,238,,,,60,28,32,,,
"Apr 5, 2023 8:00 PM",137,80,57,43,15,28,36,20,16,,,,647,257,390,,,,31,17,14,,,
"Apr 5, 2023 9:00 PM",53,35,18,28,14,14,19,9,10,,,,599,266,333,,,,23,10,13,,,
"Apr 5, 2023 10:00 PM",19,11,8,10,4,6,9,4,5,,,,648,300,348,,,,31,13,18,,,
"Apr 5, 2023 11:00 PM",7,3,4,4,0,4,2,0,2,,,,338,178,160,,,,5,2,3,,,
"Apr 6, 2023 12:00 AM",0,0,0,0,0,0,5,3,2,,,,195,95,100,,,,4,4,0,,,
"Apr 6, 2023 1:00 AM",4,4,0,2,0,2,0,0,0,,,,40,35,5,,,,3,3,0,,,
"Apr 6, 2023 2:00 AM",1,1,0,0,0,0,0,0,0,,,,20,15,5,,,,0,0,0,,,
"Apr 6, 2023 3:00 AM",0,0,0,0,0,0,0,0,0,,,,9,3,6,,,,1,1,0,,,
"Apr 6, 2023 4:00 AM",0,0,0,1,1,0,0,0,0,,,,6,3,3,,,,2,0,2,,,
"Apr 6, 2023 5:00 AM",8,3,5,1,0,1,0,0,0,,,,31,10,21,,,,5,2,3,,,
"Apr 6, 2023 6:00 AM",21,8,13,8,3,5,6,3,3,,,,269,156,113,,,,9,3,6,,,
"Apr 6, 2023 7:00 AM",52,29,23,19,11,8,12,7,5,,,,618,249,369,,,,23,7,16,,,
"Apr 6, 2023 8:00 AM",84,38,46,31,12,19,26,10,16,,,,647,255,392,,,,28,14,14,,,
"Apr 6, 2023 9:00 AM",62,39,23,19,7,12,22,10,12,,,,468,199,269,,,,26,9,17,,,
"Apr 6, 2023 10:00 AM",93,51,42,28,14,14,25,15,10,,,,535,266,269,,,,38,22,16,,,
"Apr 6, 2023 11:00 AM",127,65,62,42,21,21,23,12,11,,,,494,223,271,,,,34,15,19,,,
"Apr 6, 2023 12:00 PM",163,91,72,40,23,17,46,30,16,,,,817,377,440,,,,50,25,25,,,
"Apr 6, 2023 1:00 PM",188,113,75,38,14,24,42,18,24,,,,877,410,467,,,,61,23,38,,,
"Apr 6, 2023 2:00 PM",162,84,78,55,19,36,26,16,10,,,,772,366,406,,,,41,21,20,,,
"Apr 6, 2023 3:00 PM",181,119,62,46,26,20,42,25,17,,,,620,294,326,,,,69,38,31,,,
"Apr 6, 2023 4:00 PM",146,72,74,43,15,28,51,29,22,,,,1233,510,723,,,,71,33,38,,,
"Apr 6, 2023 5:00 PM",183,94,89,67,40,27,52,37,15,,,,1455,636,819,,,,63,30,33,,,
"Apr 6, 2023 6:00 PM",188,104,84,78,49,29,53,35,18,,,,1064,509,555,,,,82,48,34,,,
"Apr 6, 2023 7:00 PM",226,126,100,47,30,17,63,32,31,0,0,0,952,405,547,,,,61,26,35,,,
"Apr 6, 2023 8:00 PM",186,97,89,48,16,32,30,8,22,,,,1375,564,811,,,,54,30,24,,,
"Apr 6, 2023 9:00 PM",94,54,40,25,10,15,27,14,13,,,,665,276,389,,,,32,18,14,,,
"Apr 6, 2023 10:00 PM",40,19,21,12,4,8,7,1,6,,,,869,369,500,,,,23,9,14,,,
"Apr 6, 2023 11:00 PM",11,7,4,5,3,2,3,1,2,,,,550,274,276,,,,11,8,3,,,
"Apr 7, 2023 12:00 AM",0,0,0,0,0,0,0,0,0,,,,646,248,398,,,,13,7,6,,,
"Apr 7, 2023 1:00 AM",0,0,0,1,0,1,1,0,1,,,,270,124,146,,,,3,0,3,,,
"Apr 7, 2023 2:00 AM",0,0,0,0,0,0,1,1,0,,,,113,35,78,,,,0,0,0,,,
"Apr 7, 2023 3:00 AM",0,0,0,0,0,0,1,1,0,,,,122,39,83,,,,3,2,1,,,
"Apr 7, 2023 4:00 AM",0,0,0,1,1,0,0,0,0,,,,28,17,11,,,,1,1,0,,,
"Apr 7, 2023 5:00 AM",2,1,1,1,0,1,1,0,1,,,,233,139,94,,,,2,0,2,,,
"Apr 7, 2023 6:00 AM",19,8,11,4,4,0,5,4,1,,,,169,81,88,,,,7,5,2,,,
"Apr 7, 2023 7:00 AM",68,27,41,17,10,7,16,7,9,,,,507,212,295,,,,25,12,13,,,
"Apr 7, 2023 8:00 AM",103,47,56,45,21,24,19,10,9,,,,363,165,198,,,,31,15,16,,,
"Apr 7, 2023 9:00 AM",129,69,60,38,19,19,26,17,9,0,0,0,589,319,270,,,,43,16,27,,,
"Apr 7, 2023 10:00 AM",194,109,85,47,20,27,48,29,19,0,0,0,628,272,356,,,,46,19,27,,,
"Apr 7, 2023 11:00 AM",294,175,119,77,50,27,57,33,24,0,0,0,805,377,428,,,,37,17,20,,,
"Apr 7, 2023 12:00 PM",286,146,140,99,58,41,80,50,30,,,,709,337,372,,,,60,33,27,,,
"Apr 7, 2023 1:00 PM",336,170,166,108,56,52,60,31,29,,,,711,375,336,,,,54,32,22,,,
"Apr 7, 2023 2:00 PM",293,166,127,91,40,51,65,43,22,,,,772,408,364,,,,69,31,38,,,
"Apr 7, 2023 3:00 PM",324,165,159,84,47,37,70,38,32,,,,1105,585,520,,,,64,26,38,,,
"Apr 7, 2023 4:00 PM",351,174,177,90,54,36,85,48,37,,,,1158,564,594,,,,69,31,38,,,
"Apr 7, 2023 5:00 PM",267,129,138,69,45,24,69,23,46,,,,1467,801,666,,,,62,38,24,,,
"Apr 7, 2023 6:00 PM",246,129,117,49,24,25,51,18,33,,,,1548,823,725,,,,77,38,39,,,
"Apr 7, 2023 7:00 PM",177,96,81,47,24,23,42,19,23,,,,763,332,431,,,,48,27,21,,,
"Apr 7, 2023 8:00 PM",130,62,68,19,8,11,25,11,14,,,,851,357,494,,,,33,16,17,,,
"Apr 7, 2023 9:00 PM",53,27,26,17,9,8,18,11,7,,,,637,252,385,,,,18,10,8,,,
"Apr 7, 2023 10:00 PM",30,16,14,15,7,8,9,4,5,,,,1040,374,666,,,,19,9,10,,,
"Apr 7, 2023 11:00 PM",8,4,4,2,1,1,2,1,1,,,,612,238,374,,,,23,16,7,,,
"Apr 8, 2023 12:00 AM",0,0,0,0,0,0,2,1,1,,,,479,280,199,,,,11,5,6,,,
"Apr 8, 2023 1:00 AM",1,1,0,4,4,0,1,1,0,,,,433,228,205,,,,10,4,6,,,
"Apr 8, 2023 2:00 AM",3,1,2,1,1,0,1,1,0,,,,373,223,150,,,,9,3,6,,,
"Apr 8, 2023 3:00 AM",2,2,0,0,0,0,0,0,0,,,,354,225,129,,,,4,2,2,,,
"Apr 8, 2023 4:00 AM",0,0,0,0,0,0,0,0,0,,,,57,24,33,,,,0,0,0,,,
"Apr 8, 2023 5:00 AM",1,0,1,2,2,0,1,0,1,,,,26,14,12,,,,3,3,0,,,
"Apr 8, 2023 6:00 AM",26,12,14,2,0,2,5,3,2,,,,64,39,25,,,,4,1,3,,,
"Apr 8, 2023 7:00 AM",37,13,24,17,8,9,10,5,5,,,,296,133,163,,,,8,4,4,,,
"Apr 8, 2023 8:00 AM",106,57,49,47,30,17,53,32,21,,,,256,126,130,,,,20,8,12,,,
"Apr 8, 2023 9:00 AM",134,67,67,39,13,26,30,17,13,,,,296,143,153,,,,29,13,16,,,
"Apr 8, 2023 10:00 AM",376,204,172,48,29,19,44,28,16,,,,552,249,303,,,,48,25,23,,,
"Apr 8, 2023 11:00 AM",235,142,93,65,35,30,36,21,15,0,0,0,464,246,218,,,,48,23,25,,,
"Apr 8, 2023 12:00 PM",276,150,126,81,38,43,66,31,35,0,0,0,672,278,394,,,,35,20,15,,,
"Apr 8, 2023 1:00 PM",379,214,165,111,69,42,54,40,14,0,0,0,567,268,299,,,,41,22,19,,,
"Apr 8, 2023 2:00 PM",329,168,161,81,41,40,78,54,24,,,,482,242,240,,,,51,22,29,,,
"Apr 8, 2023 3:00 PM",334,181,153,69,31,38,41,22,19,,,,420,208,212,,,,54,24,30,,,
"Apr 8, 2023 4:00 PM",237,118,119,53,20,33,36,21,15,,,,489,227,262,,,,44,25,19,,,
"Apr 8, 2023 5:00 PM",222,111,111,33,18,15,48,23,25,,,,624,281,343,,,,50,18,32,,,
"Apr 8, 2023 6:00 PM",150,93,57,40,21,19,25,11,14,,,,415,190,225,,,,56,30,26,,,
"Apr 8, 2023 7:00 PM",119,72,47,21,13,8,19,14,5,,,,280,144,136,,,,54,25,29,,,
"Apr 8, 2023 8:00 PM",102,51,51,19,5,14,22,8,14,,,,409,180,229,,,,32,11,21,,,
"Apr 8, 2023 9:00 PM",77,33,44,13,4,9,14,9,5,,,,341,140,201,,,,35,13,22,,,
"Apr 8, 2023 10:00 PM",30,12,18,10,2,8,5,2,3,,,,281,144,137,,,,10,7,3,,,
"Apr 8, 2023 11:00 PM",12,6,6,6,1,5,2,0,2,,,,389,178,211,,,,7,5,2,,,
"Apr 9, 2023 12:00 AM",0,0,0,6,3,3,4,3,1,,,,154,83,71,,,,6,2,4,,,
"Apr 9, 2023 1:00 AM",2,2,0,0,0,0,3,0,3,,,,453,164,289,,,,6,3,3,,,
"Apr 9, 2023 2:00 AM",0,0,0,0,0,0,0,0,0,,,,60,28,32,,,,4,3,1,,,
"Apr 9, 2023 3:00 AM",4,3,1,0,0,0,0,0,0,,,,28,18,10,,,,4,4,0,,,
"Apr 9, 2023 4:00 AM",2,1,1,0,0,0,0,0,0,,,,17,14,3,,,,2,1,1,,,
"Apr 9, 2023 5:00 AM",2,1,1,2,1,1,2,1,1,,,,26,15,11,,,,4,2,2,,,
"Apr 9, 2023 6:00 AM",6,3,3,6,3,3,3,1,2,,,,27,16,11,,,,6,1,5,,,
"Apr 9, 2023 7:00 AM",23,9,14,10,7,3,5,4,1,,,,121,68,53,,,,6,4,2,,,
"Apr 9, 2023 8:00 AM",61,29,32,30,15,15,22,16,6,0,0,0,169,88,81,,,,9,7,2,,,
"Apr 9, 2023 9:00 AM",101,47,54,43,24,19,29,10,19,,,,513,227,286,,,,21,10,11,,,
"Apr 9, 2023 10:00 AM",217,137,80,60,34,26,42,25,17,,,,516,238,278,,,,45,21,24,,,
"Apr 9, 2023 11:00 AM",304,211,93,70,46,24,72,47,25,,,,534,243,291,,,,40,25,15,,,
"Apr 9, 2023 12:00 PM",332,185,147,54,22,32,50,19,31,,,,878,465,413,,,,53,16,37,,,
"Apr 9, 2023 1:00 PM",279,173,106,53,29,24,57,26,31,,,,568,316,252,,,,45,23,22,,,
"Apr 9, 2023 2:00 PM",285,160,125,38,22,16,54,35,19,,,,505,211,294,,,,44,18,26,,,
"Apr 9, 2023 3:00 PM",310,191,119,33,22,11,39,13,26,,,,446,184,262,,,,31,17,14,,,
"Apr 9, 2023 4:00 PM",269,122,147,29,17,12,27,21,6,0,0,0,492,211,281,,,,33,16,17,,,
"Apr 9, 2023 5:00 PM",174,98,76,25,11,14,22,15,7,0,,0,819,339,480,,,,42,21,21,,,
"Apr 9, 2023 6:00 PM",148,85,63,20,7,13,43,16,27,0,0,0,436,172,264,,,,20,7,13,,,
"Apr 9, 2023 7:00 PM",88,48,40,29,13,16,20,12,8,0,0,0,306,110,196,,,,40,24,16,,,
"Apr 9, 2023 8:00 PM",75,36,39,13,5,8,23,9,14,0,0,0,485,186,299,,,,22,12,10,,,
"Apr 9, 2023 9:00 PM",54,29,25,10,3,7,11,4,7,0,0,0,432,196,236,,,,36,22,14,,,
"Apr 9, 2023 10:00 PM",20,14,6,11,2,9,7,3,4,0,0,0,525,283,242,,,,6,3,3,,,
"Apr 9, 2023 11:00 PM",6,4,2,5,2,3,0,0,0,0,0,0,513,187,326,,,,9,7,2,,,
"Apr 10, 2023 12:00 AM",0,0,0,1,0,1,0,0,0,0,0,0,110,47,63,,,,11,7,4,,,
"Apr 10, 2023 1:00 AM",0,0,0,1,1,0,1,1,0,0,0,0,47,23,24,,,,3,3,0,,,
"Apr 10, 2023 2:00 AM",0,0,0,0,0,0,0,0,0,,,,176,103,73,,,,7,5,2,,,
"Apr 10, 2023 3:00 AM",0,0,0,0,0,0,0,0,0,,,,42,28,14,,,,6,3,3,,,
"Apr 10, 2023 4:00 AM",0,0,0,1,1,0,0,0,0,0,,0,66,36,30,,,,2,2,0,,,
"Apr 10, 2023 5:00 AM",1,1,0,1,1,0,1,1,0,,,,72,47,25,,,,1,1,0,,,
"Apr 10, 2023 6:00 AM",11,6,5,1,0,1,1,1,0,,,,34,16,18,,,,4,4,0,,,
"Apr 10, 2023 7:00 AM",43,20,23,4,3,1,9,9,0,,,,254,142,112,,,,6,1,5,,,
"Apr 10, 2023 8:00 AM",41,16,25,14,7,7,12,7,5,,,,404,165,239,,,,13,7,6,,,
"Apr 10, 2023 9:00 AM",55,20,35,11,3,8,12,7,5,,,,137,63,74,,,,9,4,5,,,
"Apr 10, 2023 10:00 AM",92,56,36,27,15,12,17,10,7,,,,526,250,276,,,,26,18,8,,,
"Apr 10, 2023 11:00 AM",281,148,133,60,29,31,52,31,21,0,0,0,419,210,209,,,,51,27,24,,,
"Apr 10, 2023 12:00 PM",319,194,125,73,35,38,68,39,29,0,,0,570,198,372,,,,57,30,27,,,
"Apr 10, 2023 1:00 PM",168,86,82,28,12,16,29,19,10,,,,312,113,199,,,,44,15,29,,,
"Apr 10, 2023 2:00 PM",257,147,110,64,45,19,51,38,13,,,,721,265,456,,,,46,25,21,,,
"Apr 10, 2023 3:00 PM",291,175,116,97,57,40,47,26,21,0,0,0,614,242,372,,,,33,15,18,,,
"Apr 10, 2023 4:00 PM",278,168,110,76,41,35,38,20,18,,,,728,301,427,,,,68,29,39,,,
"Apr 10, 2023 5:00 PM",250,140,110,54,28,26,37,25,12,,,,1055,371,684,,,,39,19,20,,,
"Apr 10, 2023 6:00 PM",118,61,57,20,10,10,31,12,19,,,,798,330,468,,,,22,9,13,,,
"Apr 10, 2023 7:00 PM",104,60,44,26,9,17,19,11,8,,,,659,241,418,,,,51,30,21,,,
"Apr 10, 2023 8:00 PM",99,52,47,17,10,7,17,3,14,,,,788,316,472,,,,25,9,16,,,
"Apr 10, 2023 9:00 PM",23,6,17,5,2,3,8,4,4,,,,1272,428,844,,,,18,9,9,,,
"Apr 10, 2023 10:00 PM",20,13,7,4,1,3,4,0,4,,,,836,323,513,,,,7,3,4,,,
"Apr 10, 2023 11:00 PM",9,6,3,3,1,2,1,0,1,,,,548,176,372,,,,16,13,3,,,
"Apr 11, 2023 12:00 AM",0,0,0,0,0,0,2,0,2,,,,865,615,250,,,,4,1,3,,,
"Apr 11, 2023 1:00 AM",0,0,0,0,0,0,0,0,0,,,,237,119,118,,,,1,0,1,,,
"Apr 11, 2023 2:00 AM",0,0,0,0,0,0,0,0,0,,,,52,16,36,,,,0,0,0,,,
"Apr 11, 2023 3:00 AM",2,1,1,0,0,0,0,0,0,,,,25,9,16,,,,4,2,2,,,
"Apr 11, 2023 4:00 AM",0,0,0,3,2,1,0,0,0,,,,224,115,109,,,,0,0,0,,,
"Apr 11, 2023 5:00 AM",3,1,2,2,0,2,0,0,0,,,,25,16,9,,,,1,0,1,,,
"Apr 11, 2023 6:00 AM",21,11,10,10,4,6,9,7,2,,,,96,39,57,,,,8,5,3,,,
"Apr 11, 2023 7:00 AM",55,21,34,30,11,19,23,13,10,,,,545,242,303,,,,26,10,16,,,
"Apr 11, 2023 8:00 AM",98,59,39,51,18,33,27,9,18,,,,836,345,491,,,,33,15,18,,,
"Apr 11, 2023 9:00 AM",78,37,41,31,16,15,21,10,11,,,,538,262,276,,,,36,16,20,,,
"Apr 11, 2023 10:00 AM",132,76,56,35,23,12,16,7,9,,,,389,152,237,,,,27,17,10,,,
"Apr 11, 2023 11:00 AM",92,44,48,21,7,14,20,9,11,,,,690,266,424,,,,40,17,23,,,
"Apr 11, 2023 12:00 PM",61,42,19,27,12,15,24,12,12,,,,632,276,356,,,,27,11,16,,,
"Apr 11, 2023 1:00 PM",97,50,47,28,21,7,16,9,7,,,,638,264,374,,,,34,11,23,,,
"Apr 11, 2023 2:00 PM",59,33,26,21,15,6,17,7,10,,,,541,250,291,,,,23,10,13,,,
"Apr 11, 2023 3:00 PM",43,23,20,21,6,15,8,3,5,,,,581,265,316,,,,18,10,8,,,
"Apr 11, 2023 4:00 PM",35,12,23,23,15,8,8,7,1,,,,671,245,426,,,,32,14,18,,,
"Apr 11, 2023 5:00 PM",17,9,8,17,11,6,20,15,5,,,,585,176,409,,,,25,17,8,,,
"Apr 11, 2023 6:00 PM",19,16,3,11,8,3,7,6,1,,,,284,107,177,,,,25,10,15,,,
"Apr 11, 2023 7:00 PM",32,18,14,16,7,9,12,7,5,,,,352,145,207,,,,32,15,17,,,
"Apr 11, 2023 8:00 PM",66,40,26,38,13,25,24,7,17,,,,659,247,412,,,,26,7,19,,,
"Apr 11, 2023 9:00 PM",37,18,19,10,4,6,13,5,8,,,,766,271,495,,,,15,7,8,,,
"Apr 11, 2023 10:00 PM",1,0,1,3,1,2,3,2,1,,,,485,187,298,,,,11,6,5,,,
"Apr 11, 2023 11:00 PM",6,5,1,2,1,1,3,1,2,,,,398,163,235,,,,4,3,1,,,
"Apr 12, 2023 12:00 AM",0,0,0,0,0,0,0,0,0,,,,81,38,43,,,,7,6,1,,,
"Apr 12, 2023 1:00 AM",0,0,0,1,1,0,0,0,0,,,,81,42,39,,,,1,1,0,,,
"Apr 12, 2023 2:00 AM",0,0,0,0,0,0,0,0,0,,,,33,15,18,,,,0,0,0,,,
"Apr 12, 2023 3:00 AM",0,0,0,0,0,0,0,0,0,,,,173,90,83,,,,0,0,0,,,
"Apr 12, 2023 4:00 AM",0,0,0,1,0,1,0,0,0,,,,68,31,37,,,,1,1,0,,,
"Apr 12, 2023 5:00 AM",1,1,0,0,0,0,2,2,0,,,,90,30,60,,,,3,1,2,,,
"Apr 12, 2023 6:00 AM",19,5,14,6,2,4,7,3,4,,,,275,119,156,,,,3,2,1,,,
"Apr 12, 2023 7:00 AM",46,25,21,22,10,12,15,7,8,,,,409,137,272,,,,21,10,11,,,
"Apr 12, 2023 8:00 AM",45,25,20,16,6,10,14,6,8,,,,547,194,353,,,,16,4,12,,,
"Apr 12, 2023 9:00 AM",50,25,25,22,9,13,19,10,9,,,,376,147,229,,,,25,13,12,,,
"Apr 12, 2023 10:00 AM",78,52,26,35,22,13,13,9,4,,,,719,302,417,,,,29,13,16,,,
"Apr 12, 2023 11:00 AM",111,56,55,21,12,9,28,13,15,,,,971,452,519,,,,31,13,18,,,
"Apr 12, 2023 12:00 PM",109,61,48,27,13,14,24,15,9,,,,481,204,277,,,,51,30,21,,,
"Apr 12, 2023 1:00 PM",127,64,63,34,21,13,44,23,21,,,,747,331,416,,,,57,23,34,,,
"Apr 12, 2023 2:00 PM",78,41,37,20,8,12,18,9,9,,,,591,279,312,,,,48,14,34,,,
"Apr 12, 2023 3:00 PM",26,10,16,13,5,8,8,6,2,,,,766,288,478,,,,27,11,16,,,
"Apr 12, 2023 4:00 PM",18,13,5,12,7,5,8,3,5,,,,881,378,503,,,,18,5,13,,,
"Apr 12, 2023 5:00 PM",21,7,14,8,6,2,17,13,4,,,,882,294,588,,,,31,22,9,,,
"Apr 12, 2023 6:00 PM",21,13,8,24,16,8,20,10,10,,,,1517,420,1097,,,,25,11,14,,,
"Apr 12, 2023 7:00 PM",52,22,30,25,13,12,9,6,3,,,,1006,381,625,,,,30,16,14,,,
"Apr 12, 2023 8:00 PM",41,26,15,17,5,12,20,6,14,,,,706,224,482,,,,31,13,18,,,
"Apr 12, 2023 9:00 PM",31,18,13,9,5,4,17,6,11,,,,1047,358,689,,,,16,4,12,,,
"Apr 12, 2023 10:00 PM",8,5,3,7,2,5,5,1,4,,,,961,292,669,,,,12,5,7,,,
"Apr 12, 2023 11:00 PM",4,3,1,2,1,1,2,2,0,,,,647,252,395,,,,5,4,1,,,
"Apr 13, 2023 12:00 AM",0,0,0,0,0,0,1,0,1,,,,532,286,246,,,,2,2,0,,,
"Apr 13, 2023 1:00 AM",0,0,0,0,0,0,0,0,0,,,,79,48,31,,,,1,1,0,,,
"Apr 13, 2023 2:00 AM",0,0,0,0,0,0,3,3,0,,,,171,76,95,,,,8,5,3,,,
"Apr 13, 2023 3:00 AM",0,0,0,0,0,0,0,0,0,,,,65,35,30,,,,1,1,0,,,
"Apr 13, 2023 4:00 AM",0,0,0,0,0,0,0,0,0,,,,80,53,27,,,,0,0,0,,,
"Apr 13, 2023 5:00 AM",2,1,1,2,0,2,2,0,2,,,,234,135,99,,,,3,2,1,,,
"Apr 13, 2023 6:00 AM",19,8,11,13,6,7,16,11,5,,,,452,211,241,,,,10,8,2,,,
"Apr 13, 2023 7:00 AM",69,36,33,19,8,11,15,9,6,,,,474,215,259,,,,23,7,16,,,
"Apr 13, 2023 8:00 AM",95,52,43,43,14,29,31,12,19,,,,1167,421,746,,,,38,19,19,,,
"Apr 13, 2023 9:00 AM",75,32,43,28,14,14,21,9,12,0,0,0,680,281,399,,,,33,18,15,,,
"Apr 13, 2023 10:00 AM",105,71,34,35,20,15,22,11,11,0,0,0,688,300,388,,,,30,18,12,,,
"Apr 13, 2023 11:00 AM",163,83,80,38,18,20,35,15,20,0,0,0,718,302,416,,,,30,16,14,,,
"Apr 13, 2023 12:00 PM",207,115,92,48,17,31,51,30,21,0,0,0,1178,554,624,,,,40,15,25,,,
"Apr 13, 2023 1:00 PM",230,129,101,51,25,26,43,26,17,0,0,0,1042,496,546,,,,45,28,17,,,
"Apr 13, 2023 2:00 PM",146,76,70,56,27,29,32,16,16,0,0,0,866,394,472,,,,52,23,29,,,
"Apr 13, 2023 3:00 PM",147,76,71,38,22,16,25,17,8,0,,0,1350,604,746,,,,50,23,27,,,
"Apr 13, 2023 4:00 PM",138,63,75,59,32,27,34,18,16,,,,1538,713,825,,,,78,45,33,,,
"Apr 13, 2023 5:00 PM",164,102,62,51,26,25,37,21,16,,,,2016,795,1221,,,,62,29,33,,,
"Apr 13, 2023 6:00 PM",157,90,67,53,26,27,56,26,30,,,,1067,492,575,,,,96,46,50,,,
"Apr 13, 2023 7:00 PM",237,139,98,68,44,24,55,27,28,,,,1341,583,758,,,,76,42,34,,,
"Apr 13, 2023 8:00 PM",212,137,75,74,41,33,58,32,26,,,,919,367,552,,,,44,20,24,,,
"Apr 13, 2023 9:00 PM",105,72,33,43,15,28,24,15,9,,,,995,373,622,,,,55,24,31,,,
"Apr 13, 2023 10:00 PM",63,38,25,10,5,5,10,5,5,,,,1024,454,570,,,,21,11,10,,,
"Apr 13, 2023 11:00 PM",14,13,1,4,3,1,9,6,3,,,,1120,591,529,,,,13,9,4,,,
"Apr 14, 2023 12:00 AM",0,0,0,0,0,0,5,4,1,,,,819,533,286,,,,12,4,8,,,
"Apr 14, 2023 1:00 AM",1,1,0,0,0,0,2,1,1,,,,656,513,143,,,,8,4,4,,,
"Apr 14, 2023 2:00 AM",1,1,0,0,0,0,0,0,0,,,,479,362,117,,,,2,1,1,,,
"Apr 14, 2023 3:00 AM",0,0,0,0,0,0,0,0,0,,,,845,747,98,,,,1,1,0,,,
"Apr 14, 2023 4:00 AM",0,0,0,1,1,0,0,0,0,,,,601,552,49,,,,1,1,0,,,
"Apr 14, 2023 5:00 AM",2,0,2,2,0,2,2,1,1,,,,11,2,9,,,,1,1,0,,,
"Apr 14, 2023 6:00 AM",26,10,16,7,4,3,5,4,1,,,,149,77,72,,,,12,6,6,,,
"Apr 14, 2023 7:00 AM",68,33,35,19,13,6,22,13,9,,,,827,355,472,,,,28,10,18,,,
"Apr 14, 2023 8:00 AM",102,55,47,41,17,24,23,11,12,,,,998,422,576,,,,30,15,15,,,
"Apr 14, 2023 9:00 AM",102,55,47,31,12,19,18,10,8,,,,762,352,410,,,,27,11,16,,,
"Apr 14, 2023 10:00 AM",130,71,59,37,22,15,32,19,13,0,0,0,635,305,330,,,,42,21,21,,,
"Apr 14, 2023 11:00 AM",179,108,71,59,25,34,50,25,25,0,0,0,915,457,458,,,,40,18,22,,,
"Apr 14, 2023 12:00 PM",256,148,108,62,27,35,62,36,26,0,0,0,1148,515,633,,,,44,24,20,,,
"Apr 14, 2023 1:00 PM",262,150,112,56,31,25,74,48,26,0,0,0,1223,570,653,,,,55,30,25,,,
"Apr 14, 2023 2:00 PM",233,143,90,44,23,21,22,13,9,0,0,0,1642,772,870,,,,76,40,36,,,
"Apr 14, 2023 3:00 PM",221,111,110,50,33,17,43,21,22,0,,0,1064,499,565,,,,77,32,45,,,
"Apr 14, 2023 4:00 PM",234,128,106,51,29,22,58,30,28,,,,1588,731,857,,,,61,36,25,,,
"Apr 14, 2023 5:00 PM",213,117,96,68,40,28,55,34,21,0,0,0,1337,573,764,,,,74,41,33,,,
"Apr 14, 2023 6:00 PM",197,115,82,47,26,21,40,22,18,,,,1397,664,733,,,,94,50,44,,,
"Apr 14, 2023 7:00 PM",170,96,74,40,24,16,66,39,27,,,,1304,500,804,,,,57,23,34,,,
"Apr 14, 2023 8:00 PM",139,72,67,36,17,19,32,16,16,,,,891,384,507,,,,46,15,31,,,
"Apr 14, 2023 9:00 PM",68,42,26,12,5,7,25,16,9,,,,1141,518,623,,,,14,5,9,,,
"Apr 14, 2023 10:00 PM",18,11,7,8,2,6,17,3,14,,,,1371,627,744,,,,18,11,7,,,
"Apr 14, 2023 11:00 PM",13,8,5,5,2,3,4,2,2,,,,1959,872,1087,,,,5,3,2,,,
"Apr 15, 2023 12:00 AM",0,0,0,0,0,0,2,0,2,0,0,0,699,385,314,,,,11,10,1,,,
"Apr 15, 2023 1:00 AM",1,0,1,4,1,3,1,1,0,,,,63,27,36,,,,8,5,3,,,
"Apr 15, 2023 2:00 AM",2,0,2,1,1,0,0,0,0,,,,35,23,12,,,,7,0,7,,,
"Apr 15, 2023 3:00 AM",0,0,0,0,0,0,0,0,0,,,,53,23,30,,,,3,1,2,,,
"Apr 15, 2023 4:00 AM",1,0,1,0,0,0,0,0,0,,,,5,5,0,,,,3,2,1,,,
"Apr 15, 2023 5:00 AM",2,1,1,1,1,0,1,1,0,,,,27,21,6,,,,2,1,1,,,
"Apr 15, 2023 6:00 AM",28,11,17,2,2,0,4,3,1,,,,111,61,50,,,,0,0,0,,,
"Apr 15, 2023 7:00 AM",49,26,23,14,9,5,21,14,7,,,,191,98,93,,,,8,4,4,,,
"Apr 15, 2023 8:00 AM",62,34,28,35,22,13,22,13,9,,,,549,224,325,,,,26,12,14,,,
"Apr 15, 2023 9:00 AM",146,79,67,56,30,26,50,29,21,0,0,0,918,381,537,,,,42,21,21,,,
"Apr 15, 2023 10:00 AM",214,98,116,94,67,27,47,24,23,0,0,0,988,452,536,,,,84,46,38,,,
"Apr 15, 2023 11:00 AM",300,163,137,98,42,56,65,34,31,0,0,0,716,339,377,,,,75,44,31,,,
"Apr 15, 2023 12:00 PM",353,204,149,124,72,52,95,50,45,0,0,0,1916,969,947,,,,57,35,22,,,
"Apr 15, 2023 1:00 PM",318,169,149,130,69,61,81,43,38,0,0,0,1522,752,770,,,,76,42,34,,,
"Apr 15, 2023 2:00 PM",259,124,135,88,52,36,71,35,36,0,0,0,1722,746,976,,,,59,32,27,,,
"Apr 15, 2023 3:00 PM",298,162,136,66,33,33,63,38,25,0,0,0,1449,625,824,,,,65,29,36,,,
"Apr 15, 2023 4:00 PM",245,141,104,84,42,42,32,17,15,,,,1009,474,535,,,,42,19,23,,,
"Apr 15, 2023 5:00 PM",176,100,76,43,21,22,44,26,18,,,,1124,446,678,,,,42,25,17,,,
"Apr 15, 2023 6:00 PM",125,71,54,20,8,12,16,10,6,0,,0,1192,474,718,,,,56,27,29,,,
"Apr 15, 2023 7:00 PM",131,60,71,25,14,11,19,10,9,,,,779,342,437,,,,51,26,25,,,
"Apr 15, 2023 8:00 PM",40,17,23,2,1,1,10,6,4,,,,1143,457,686,,,,30,17,13,,,
"Apr 15, 2023 9:00 PM",17,4,13,1,0,1,4,1,3,,,,696,267,429,,,,9,3,6,,,
"Apr 15, 2023 10:00 PM",0,0,0,10,4,6,10,4,6,,,,643,235,408,,,,16,5,11,,,
"Apr 15, 2023 11:00 PM",1,1,0,2,1,1,3,1,2,,,,227,92,135,,,,2,0,2,,,
"Apr 16, 2023 12:00 AM",0,0,0,0,0,0,3,3,0,,,,96,48,48,,,,3,2,1,,,
"Apr 16, 2023 1:00 AM",0,0,0,0,0,0,0,0,0,,,,44,12,32,,,,5,2,3,,,
"Apr 16, 2023 2:00 AM",0,0,0,1,0,1,7,6,1,,,,346,257,89,,,,2,2,0,,,
"Apr 16, 2023 3:00 AM",0,0,0,0,0,0,1,0,1,,,,4,3,1,,,,5,2,3,,,
"Apr 16, 2023 4:00 AM",1,0,1,0,0,0,0,0,0,,,,10,3,7,,,,1,0,1,,,
"Apr 16, 2023 5:00 AM",0,0,0,0,0,0,0,0,0,,,,10,3,7,,,,2,0,2,,,
"Apr 16, 2023 6:00 AM",7,2,5,0,0,0,1,0,1,,,,3,1,2,,,,8,1,7,,,
"Apr 16, 2023 7:00 AM",22,13,9,14,8,6,9,7,2,,,,35,18,17,,,,5,0,5,,,
"Apr 16, 2023 8:00 AM",64,34,30,20,12,8,33,19,14,,,,113,49,64,,,,19,11,8,,,
"Apr 16, 2023 9:00 AM",153,84,69,60,32,28,42,27,15,,,,392,132,260,,,,25,17,8,,,
"Apr 16, 2023 10:00 AM",242,126,116,90,51,39,54,34,20,,,,322,159,163,,,,32,12,20,,,
"Apr 16, 2023 11:00 AM",371,201,170,87,47,40,63,29,34,0,0,0,403,173,230,,,,58,38,20,,,
"Apr 16, 2023 12:00 PM",548,310,238,106,46,60,85,48,37,0,,0,680,267,413,,,,69,35,34,,,
"Apr 16, 2023 1:00 PM",594,327,267,88,57,31,80,53,27,,,,897,336,561,,,,79,30,49,,,
"Apr 16, 2023 2:00 PM",596,375,221,129,71,58,121,72,49,,,,635,274,361,,,,79,28,51,,,
"Apr 16, 2023 3:00 PM",797,433,364,113,67,46,97,51,46,0,0,0,512,240,272,,,,67,29,38,,,
"Apr 16, 2023 4:00 PM",677,358,319,126,73,53,117,59,58,,,,661,267,394,,,,62,34,28,,,
"Apr 16, 2023 5:00 PM",555,280,275,103,46,57,85,39,46,0,0,0,892,341,551,,,,64,36,28,,,
"Apr 16, 2023 6:00 PM",383,196,187,68,34,34,73,30,43,,,,947,384,563,,,,55,36,19,,,
"Apr 16, 2023 7:00 PM",281,156,125,55,31,24,45,20,25,,,,760,301,459,,,,30,13,17,,,
"Apr 16, 2023 8:00 PM",208,105,103,54,24,30,33,16,17,,,,853,270,583,,,,37,15,22,,,
"Apr 16, 2023 9:00 PM",98,51,47,36,8,28,28,14,14,0,,0,694,272,422,,,,21,6,15,,,
"Apr 16, 2023 10:00 PM",26,14,12,7,3,4,13,6,7,,,,616,266,350,,,,21,14,7,,,
"Apr 16, 2023 11:00 PM",3,3,0,8,2,6,6,2,4,,,,481,194,287,,,,13,3,10,,,
"Apr 17, 2023 12:00 AM",2,0,2,0,0,0,0,0,0,,,,281,125,156,,,,2,1,1,,,
"Apr 17, 2023 1:00 AM",1,1,0,0,0,0,0,0,0,,,,50,14,36,,,,2,2,0,,,
"Apr 17, 2023 2:00 AM",0,0,0,0,0,0,0,0,0,,,,188,129,59,,,,0,0,0,,,
"Apr 17, 2023 3:00 AM",1,0,1,0,0,0,0,0,0,,,,2,2,0,,,,3,1,2,,,
"Apr 17, 2023 4:00 AM",0,0,0,1,1,0,0,0,0,,,,1,0,1,,,,0,0,0,,,
"Apr 17, 2023 5:00 AM",7,3,4,0,0,0,0,0,0,,,,30,12,18,,,,3,1,2,,,
"Apr 17, 2023 6:00 AM",46,22,24,13,5,8,19,11,8,,,,82,44,38,,,,9,3,6,,,
"Apr 17, 2023 7:00 AM",66,41,25,33,13,20,11,5,6,,,,457,185,272,,,,33,10,23,,,
"Apr 17, 2023 8:00 AM",93,45,48,41,16,25,26,13,13,,,,900,364,536,,,,147,103,44,,,
"Apr 17, 2023 9:00 AM",142,78,64,24,10,14,26,15,11,0,0,0,439,164,275,,,,60,35,25,,,
"Apr 17, 2023 10:00 AM",144,79,65,57,35,22,37,18,19,0,0,0,470,197,273,,,,40,26,14,,,
"Apr 17, 2023 11:00 AM",202,108,94,54,35,19,38,25,13,0,0,0,338,134,204,,,,48,27,21,,,
"Apr 17, 2023 12:00 PM",194,104,90,56,29,27,56,30,26,0,0,0,602,266,336,,,,45,21,24,,,
"Apr 17, 2023 1:00 PM",263,138,125,78,41,37,59,31,28,0,0,0,866,441,425,,,,89,49,40,,,
"Apr 17, 2023 2:00 PM",195,94,101,53,34,19,35,25,10,0,,0,757,394,363,,,,74,39,35,,,
"Apr 17, 2023 3:00 PM",176,88,88,51,29,22,27,18,9,,,,1683,765,918,,,,105,49,56,,,
"Apr 17, 2023 4:00 PM",169,105,64,64,26,38,30,17,13,,,,1723,763,960,,,,90,51,39,,,
"Apr 17, 2023 5:00 PM",189,90,99,58,38,20,57,33,24,0,0,0,1627,694,933,,,,74,47,27,,,
"Apr 17, 2023 6:00 PM",203,120,83,71,39,32,56,25,31,0,0,0,1123,424,699,,,,100,58,42,,,
"Apr 17, 2023 7:00 PM",243,126,117,83,40,43,58,32,26,0,0,0,754,327,427,,,,63,35,28,,,
"Apr 17, 2023 8:00 PM",198,126,72,45,20,25,38,18,20,0,,0,1409,667,742,,,,50,31,19,,,
"Apr 17, 2023 9:00 PM",78,43,35,39,12,27,17,5,12,,,,1151,464,687,,,,24,12,12,,,
"Apr 17, 2023 10:00 PM",30,18,12,5,1,4,13,5,8,,,,436,156,280,,,,6,5,1,,,
"Apr 17, 2023 11:00 PM",3,3,0,4,1,3,3,1,2,,,,77,34,43,,,,14,7,7,,,
"Apr 18, 2023 12:00 AM",0,0,0,0,0,0,0,0,0,,,,54,9,45,,,,7,4,3,,,
"Apr 18, 2023 1:00 AM",0,0,0,1,0,1,1,0,1,,,,39,8,31,,,,1,1,0,,,
"Apr 18, 2023 2:00 AM",0,0,0,0,0,0,0,0,0,,,,19,7,12,,,,1,0,1,,,
"Apr 18, 2023 3:00 AM",0,0,0,0,0,0,0,0,0,,,,5,2,3,,,,0,0,0,,,
"Apr 18, 2023 4:00 AM",0,0,0,2,2,0,0,0,0,,,,9,3,6,,,,2,2,0,,,
"Apr 18, 2023 5:00 AM",6,2,4,1,0,1,2,1,1,,,,14,9,5,,,,4,2,2,,,
"Apr 18, 2023 6:00 AM",60,26,34,15,5,10,12,9,3,,,,135,55,80,,,,9,5,4,,,
"Apr 18, 2023 7:00 AM",61,34,27,28,13,15,20,11,9,0,0,0,742,268,474,,,,49,19,30,,,
"Apr 18, 2023 8:00 AM",114,58,56,40,13,27,24,13,11,,,,920,346,574,,,,139,97,42,,,
"Apr 18, 2023 9:00 AM",103,47,56,30,12,18,28,13,15,0,0,0,570,244,326,,,,58,30,28,,,
"Apr 18, 2023 10:00 AM",116,68,48,26,16,10,38,18,20,0,0,0,331,145,186,,,,28,12,16,,,
"Apr 18, 2023 11:00 AM",130,69,61,41,26,15,29,19,10,0,,0,360,141,219,,,,48,17,31,,,
"Apr 18, 2023 12:00 PM",134,74,60,47,17,30,28,20,8,,,,390,149,241,,,,56,31,25,,,
"Apr 18, 2023 1:00 PM",223,115,108,55,36,19,32,14,18,0,,0,518,243,275,,,,78,43,35,,,
"Apr 18, 2023 2:00 PM",123,66,57,28,14,14,20,10,10,,,,680,278,402,,,,72,31,41,,,
"Apr 18, 2023 3:00 PM",127,63,64,25,21,4,14,6,8,,,,1091,491,600,,,,131,57,74,,,
"Apr 18, 2023 4:00 PM",166,100,66,52,30,22,29,18,11,,,,1589,655,934,,,,101,60,41,,,
"Apr 18, 2023 5:00 PM",177,87,90,71,38,33,55,35,20,,,,1514,576,938,,,,120,64,56,,,
"Apr 18, 2023 6:00 PM",296,169,127,78,48,30,65,36,29,,,,1384,644,740,,,,123,67,56,,,
"Apr 18, 2023 7:00 PM",241,142,99,84,56,28,42,20,22,,,,745,338,407,,,,109,45,64,,,
"Apr 18, 2023 8:00 PM",244,148,96,46,20,26,42,15,27,,,,716,305,411,,,,75,43,32,,,
"Apr 18, 2023 9:00 PM",81,49,32,38,17,21,30,14,16,,,,681,293,388,,,,46,13,33,,,
"Apr 18, 2023 10:00 PM",14,7,7,6,1,5,13,2,11,,,,674,304,370,,,,16,8,8,,,
"Apr 18, 2023 11:00 PM",2,1,1,0,0,0,0,0,0,,,,790,350,440,,,,5,4,1,,,
"Apr 19, 2023 12:00 AM",0,0,0,3,3,0,0,0,0,,,,303,155,148,,,,3,3,0,,,
"Apr 19, 2023 1:00 AM",0,0,0,0,0,0,0,0,0,,,,106,28,78,,,,0,0,0,,,
"Apr 19, 2023 2:00 AM",0,0,0,0,0,0,0,0,0,,,,47,25,22,,,,0,0,0,,,
"Apr 19, 2023 3:00 AM",0,0,0,0,0,0,0,0,0,,,,19,11,8,,,,1,1,0,,,
"Apr 19, 2023 4:00 AM",0,0,0,0,0,0,0,0,0,,,,39,19,20,,,,0,0,0,,,
"Apr 19, 2023 5:00 AM",8,4,4,1,0,1,1,0,1,,,,33,16,17,,,,4,2,2,,,
"Apr 19, 2023 6:00 AM",47,18,29,13,6,7,10,7,3,,,,293,142,151,,,,12,6,6,,,
"Apr 19, 2023 7:00 AM",57,30,27,29,14,15,14,4,10,,,,1119,435,684,,,,41,16,25,,,
"Apr 19, 2023 8:00 AM",71,42,29,48,18,30,17,8,9,,,,1556,532,1024,,,,131,93,38,,,
"Apr 19, 2023 9:00 AM",113,66,47,26,7,19,13,8,5,,,,923,365,558,,,,36,9,27,,,
"Apr 19, 2023 10:00 AM",86,42,44,24,9,15,20,10,10,,,,416,165,251,,,,32,19,13,,,
"Apr 19, 2023 11:00 AM",113,58,55,23,14,9,17,10,7,,,,765,361,404,,,,50,20,30,,,
"Apr 19, 2023 12:00 PM",82,46,36,31,18,13,27,13,14,,,,698,344,354,,,,49,23,26,,,
"Apr 19, 2023 1:00 PM",125,58,67,41,33,8,45,24,21,,,,1727,673,1054,,,,77,29,48,,,
"Apr 19, 2023 2:00 PM",95,52,43,43,25,18,24,17,7,,,,1138,537,601,,,,86,35,51,,,
"Apr 19, 2023 3:00 PM",94,56,38,34,18,16,32,15,17,,,,1204,485,719,,,,81,22,59,,,
"Apr 19, 2023 4:00 PM",89,56,33,49,22,27,18,11,7,,,,1291,500,791,,,,86,36,50,,,
"Apr 19, 2023 5:00 PM",88,50,38,37,30,7,40,28,12,,,,1431,504,927,,,,66,35,31,,,
"Apr 19, 2023 6:00 PM",117,75,42,48,28,20,47,21,26,,,,1363,581,782,,,,85,48,37,,,
"Apr 19, 2023 7:00 PM",134,74,60,43,25,18,34,17,17,,,,753,302,451,,,,75,34,41,,,
"Apr 19, 2023 8:00 PM",125,71,54,43,19,24,46,23,23,,,,893,369,524,,,,46,17,29,,,
"Apr 19, 2023 9:00 PM",62,42,20,27,13,14,8,4,4,,,,1158,532,626,,,,45,20,25,,,
"Apr 19, 2023 10:00 PM",18,10,8,2,1,1,9,5,4,0,,0,758,361,397,,,,19,4,15,,,
"Apr 19, 2023 11:00 PM",4,4,0,7,3,4,1,0,1,,,,562,263,299,,,,15,10,5,,,
"Apr 20, 2023 12:00 AM",0,0,0,0,0,0,1,0,1,,,,337,136,201,,,,3,3,0,,,
"Apr 20, 2023 1:00 AM",0,0,0,3,1,2,0,0,0,,,,231,134,97,,,,1,1,0,,,
"Apr 20, 2023 2:00 AM",0,0,0,0,0,0,1,1,0,,,,73,42,31,,,,0,0,0,,,
"Apr 20, 2023 3:00 AM",0,0,0,0,0,0,0,0,0,,,,141,110,31,,,,0,0,0,,,
"Apr 20, 2023 4:00 AM",0,0,0,0,0,0,0,0,0,,,,12,3,9,,,,1,1,0,,,
"Apr 20, 2023 5:00 AM",8,5,3,2,1,1,0,0,0,,,,15,11,4,,,,2,1,1,,,
"Apr 20, 2023 6:00 AM",59,28,31,21,11,10,14,9,5,,,,390,181,209,,,,9,5,4,,,
"Apr 20, 2023 7:00 AM",65,35,30,21,5,16,22,9,13,,,,1044,410,634,,,,44,18,26,,,
"Apr 20, 2023 8:00 AM",104,60,44,33,11,22,30,16,14,,,,1757,697,1060,,,,126,93,33,,,
"Apr 20, 2023 9:00 AM",127,67,60,29,17,12,33,22,11,0,0,0,807,351,456,,,,45,18,27,,,
"Apr 20, 2023 10:00 AM",135,68,67,33,15,18,20,8,12,0,0,0,519,248,271,,,,65,23,42,,,
"Apr 20, 2023 11:00 AM",160,91,69,42,23,19,38,20,18,0,0,0,763,335,428,,,,55,29,26,,,
"Apr 20, 2023 12:00 PM",196,122,74,63,28,35,53,27,26,0,0,0,1381,505,876,,,,60,31,29,,,
"Apr 20, 2023 1:00 PM",230,134,96,75,39,36,56,35,21,0,0,0,1034,436,598,,,,74,42,32,,,
"Apr 20, 2023 2:00 PM",173,92,81,37,14,23,40,21,19,0,0,0,941,438,503,,,,100,59,41,,,
"Apr 20, 2023 3:00 PM",139,77,62,30,18,12,28,17,11,0,0,0,1760,808,952,,,,128,49,79,,,
"Apr 20, 2023 4:00 PM",148,72,76,48,27,21,47,26,21,,,,2283,941,1342,,,,82,43,39,,,
"Apr 20, 2023 5:00 PM",190,101,89,71,48,23,76,36,40,,,,2065,903,1162,,,,107,63,44,,,
"Apr 20, 2023 6:00 PM",208,123,85,44,23,21,48,24,24,,,,1718,730,988,,,,134,71,63,,,
"Apr 20, 2023 7:00 PM",234,122,112,67,34,33,74,33,41,0,0,0,1595,824,771,,,,92,45,47,,,
"Apr 20, 2023 8:00 PM",234,141,93,45,19,26,35,15,20,,,,1641,669,972,,,,74,32,42,,,
"Apr 20, 2023 9:00 PM",71,37,34,38,17,21,26,14,12,0,0,0,1178,495,683,,,,35,20,15,,,
"Apr 20, 2023 10:00 PM",13,7,6,6,2,4,9,6,3,0,0,0,1348,566,782,,,,15,6,9,,,
"Apr 20, 2023 11:00 PM",1,0,1,7,3,4,3,0,3,,,,702,275,427,,,,11,4,7,,,
"Apr 21, 2023 12:00 AM",0,0,0,1,1,0,4,2,2,,,,375,115,260,,,,4,3,1,,,
"Apr 21, 2023 1:00 AM",0,0,0,0,0,0,1,1,0,,,,731,487,244,,,,9,8,1,,,
"Apr 21, 2023 2:00 AM",0,0,0,1,1,0,0,0,0,,,,331,173,158,,,,2,2,0,,,
"Apr 21, 2023 3:00 AM",0,0,0,0,0,0,0,0,0,,,,5,4,1,,,,1,1,0,,,
"Apr 21, 2023 4:00 AM",0,0,0,1,1,0,0,0,0,,,,2,0,2,,,,0,0,0,,,
"Apr 21, 2023 5:00 AM",9,3,6,2,1,1,1,1,0,,,,11,7,4,,,,5,3,2,,,
"Apr 21, 2023 6:00 AM",39,15,24,16,6,10,11,7,4,,,,294,135,159,,,,10,4,6,,,
"Apr 21, 2023 7:00 AM",56,35,21,22,8,14,27,14,13,,,,1028,467,561,,,,48,14,34,,,
"Apr 21, 2023 8:00 AM",93,39,54,23,11,12,33,17,16,,,,1286,516,770,,,,114,73,41,,,
"Apr 21, 2023 9:00 AM",112,62,50,41,25,16,27,11,16,,,,992,435,557,,,,46,20,26,,,
"Apr 21, 2023 10:00 AM",93,38,55,31,17,14,22,10,12,,,,435,202,233,,,,34,15,19,,,
"Apr 21, 2023 11:00 AM",106,54,52,37,20,17,19,7,12,,,,497,218,279,,,,35,17,18,,,
"Apr 21, 2023 12:00 PM",115,58,57,27,11,16,23,17,6,,,,1008,507,501,,,,53,21,32,,,
"Apr 21, 2023 1:00 PM",130,73,57,67,30,37,48,17,31,,,,937,406,531,,,,88,25,63,,,
"Apr 21, 2023 2:00 PM",105,58,47,28,11,17,33,14,19,,,,1190,531,659,,,,90,39,51,,,
"Apr 21, 2023 3:00 PM",71,39,32,31,14,17,11,6,5,,,,1247,548,699,,,,52,23,29,,,
"Apr 21, 2023 4:00 PM",91,47,44,17,7,10,21,7,14,,,,1464,559,905,,,,73,29,44,,,
"Apr 21, 2023 5:00 PM",88,44,44,39,23,16,32,10,22,0,,0,1030,393,637,,,,75,46,29,,,
"Apr 21, 2023 6:00 PM",117,60,57,33,12,21,37,26,11,,,,1012,418,594,,,,50,28,22,,,
"Apr 21, 2023 7:00 PM",122,69,53,35,16,19,36,18,18,,,,900,343,557,,,,56,29,27,,,
"Apr 21, 2023 8:00 PM",130,79,51,35,17,18,27,17,10,,,,599,266,333,,,,35,12,23,,,
"Apr 21, 2023 9:00 PM",62,36,26,10,3,7,21,8,13,0,0,0,926,337,589,,,,28,17,11,,,
"Apr 21, 2023 10:00 PM",19,8,11,9,2,7,7,0,7,0,0,0,1416,487,929,,,,17,8,9,,,
"Apr 21, 2023 11:00 PM",10,5,5,6,2,4,3,3,0,0,0,0,1145,382,763,,,,9,3,6,,,
"Apr 22, 2023 12:00 AM",0,0,0,1,0,1,0,0,0,,,,670,183,487,,,,3,2,1,,,
"Apr 22, 2023 1:00 AM",2,2,0,2,0,2,0,0,0,,,,101,36,65,,,,13,9,4,,,
"Apr 22, 2023 2:00 AM",0,0,0,0,0,0,0,0,0,,,,67,30,37,,,,13,3,10,,,
"Apr 22, 2023 3:00 AM",0,0,0,0,0,0,0,0,0,,,,232,136,96,,,,0,0,0,,,
"Apr 22, 2023 4:00 AM",0,0,0,0,0,0,0,0,0,,,,98,72,26,,,,8,1,7,,,
"Apr 22, 2023 5:00 AM",3,0,3,4,3,1,3,2,1,,,,52,35,17,,,,0,0,0,,,
"Apr 22, 2023 6:00 AM",13,5,8,5,3,2,2,2,0,,,,168,115,53,,,,7,5,2,,,
"Apr 22, 2023 7:00 AM",37,22,15,11,5,6,14,7,7,,,,180,84,96,,,,21,7,14,,,
"Apr 22, 2023 8:00 AM",71,35,36,38,21,17,26,15,11,,,,254,92,162,,,,18,7,11,,,
"Apr 22, 2023 9:00 AM",125,70,55,46,21,25,38,19,19,,,,308,133,175,,,,32,14,18,,,
"Apr 22, 2023 10:00 AM",190,93,97,56,31,25,44,24,20,,,,402,159,243,,,,37,18,19,,,
"Apr 22, 2023 11:00 AM",174,92,82,50,26,24,48,25,23,,,,496,202,294,,,,41,21,20,,,
"Apr 22, 2023 12:00 PM",119,53,66,47,21,26,49,29,20,,,,226,85,141,,,,31,11,20,,,
"Apr 22, 2023 1:00 PM",92,38,54,23,12,11,24,13,11,,,,319,111,208,,,,20,7,13,,,
"Apr 22, 2023 2:00 PM",76,29,47,21,15,6,15,8,7,,,,295,98,197,,,,32,12,20,,,
"Apr 22, 2023 3:00 PM",78,47,31,31,21,10,25,14,11,,,,215,85,130,,,,21,5,16,,,
"Apr 22, 2023 4:00 PM",88,44,44,30,12,18,25,12,13,,,,185,57,128,,,,30,15,15,,,
"Apr 22, 2023 5:00 PM",122,63,59,25,17,8,34,17,17,,,,299,104,195,,,,44,20,24,,,
"Apr 22, 2023 6:00 PM",77,40,37,22,8,14,24,10,14,,,,227,64,163,,,,40,14,26,,,
"Apr 22, 2023 7:00 PM",91,48,43,20,8,12,23,18,5,,,,236,93,143,,,,49,30,19,,,
"Apr 22, 2023 8:00 PM",94,49,45,18,7,11,20,6,14,,,,268,112,156,,,,21,9,12,,,
"Apr 22, 2023 9:00 PM",61,26,35,7,1,6,5,3,2,,,,125,30,95,,,,18,11,7,,,
"Apr 22, 2023 10:00 PM",15,8,7,3,1,2,7,3,4,,,,168,56,112,,,,6,3,3,,,
"Apr 22, 2023 11:00 PM",16,12,4,7,2,5,1,0,1,,,,217,62,155,,,,9,5,4,,,
"Apr 23, 2023 12:00 AM",1,1,0,0,0,0,4,3,1,,,,204,58,146,,,,3,3,0,,,
"Apr 23, 2023 1:00 AM",2,1,1,0,0,0,0,0,0,,,,17,5,12,,,,12,9,3,,,
"Apr 23, 2023 2:00 AM",1,1,0,1,1,0,0,0,0,,,,4,2,2,,,,8,7,1,,,
"Apr 23, 2023 3:00 AM",1,1,0,1,0,1,0,0,0,,,,13,3,10,,,,1,0,1,,,
"Apr 23, 2023 4:00 AM",0,0,0,0,0,0,0,0,0,,,,4,3,1,,,,1,0,1,,,
"Apr 23, 2023 5:00 AM",0,0,0,0,0,0,0,0,0,,,,2,0,2,,,,1,1,0,,,
"Apr 23, 2023 6:00 AM",14,6,8,3,1,2,3,1,2,,,,9,5,4,,,,23,10,13,,,
"Apr 23, 2023 7:00 AM",33,15,18,12,8,4,18,13,5,,,,32,17,15,,,,5,3,2,,,
"Apr 23, 2023 8:00 AM",83,49,34,27,13,14,28,21,7,,,,97,53,44,,,,18,6,12,,,
"Apr 23, 2023 9:00 AM",182,93,89,44,22,22,40,19,21,0,0,0,196,113,83,,,,44,22,22,,,
"Apr 23, 2023 10:00 AM",299,188,111,87,53,34,85,40,45,0,0,0,299,157,142,,,,68,41,27,,,
"Apr 23, 2023 11:00 AM",427,248,179,102,53,49,78,48,30,0,,0,373,187,186,,,,68,32,36,,,
"Apr 23, 2023 12:00 PM",576,317,259,107,60,47,95,57,38,0,,0,394,165,229,,,,71,42,29,,,
"Apr 23, 2023 1:00 PM",530,296,234,74,29,45,63,28,35,,,,420,175,245,,,,88,48,40,,,
"Apr 23, 2023 2:00 PM",496,244,252,77,43,34,100,45,55,,,,598,262,336,,,,82,21,61,,,
"Apr 23, 2023 3:00 PM",630,346,284,114,55,59,102,55,47,,,,580,243,337,,,,66,36,30,,,
"Apr 23, 2023 4:00 PM",407,208,199,76,32,44,52,27,25,0,0,0,220,57,163,,,,56,27,29,,,
"Apr 23, 2023 5:00 PM",203,104,99,45,26,19,51,25,26,,,,329,110,219,,,,39,19,20,,,
"Apr 23, 2023 6:00 PM",148,82,66,26,17,9,40,23,17,,,,283,112,171,,,,56,30,26,,,
"Apr 23, 2023 7:00 PM",121,62,59,41,16,25,35,17,18,,,,289,117,172,,,,49,26,23,,,
"Apr 23, 2023 8:00 PM",105,59,46,74,20,54,37,22,15,,,,404,151,253,,,,34,21,13,,,
"Apr 23, 2023 9:00 PM",86,48,38,19,6,13,20,17,3,,,,628,205,423,,,,36,20,16,,,
"Apr 23, 2023 10:00 PM",17,9,8,4,2,2,5,1,4,,,,366,146,220,,,,11,4,7,,,
"Apr 23, 2023 11:00 PM",7,1,6,0,0,0,5,1,4,,,,313,130,183,,,,7,6,1,,,
"Apr 24, 2023 12:00 AM",0,0,0,1,1,0,0,0,0,,,,146,53,93,,,,5,3,2,,,
"Apr 24, 2023 1:00 AM",0,0,0,0,0,0,0,0,0,,,,52,28,24,,,,0,0,0,,,
"Apr 24, 2023 2:00 AM",0,0,0,0,0,0,0,0,0,,,,9,6,3,,,,0,0,0,,,
"Apr 24, 2023 3:00 AM",0,0,0,0,0,0,0,0,0,,,,13,4,9,,,,2,1,1,,,
"Apr 24, 2023 4:00 AM",0,0,0,1,1,0,0,0,0,,,,9,1,8,,,,3,1,2,,,
"Apr 24, 2023 5:00 AM",3,2,1,0,0,0,2,2,0,,,,5,4,1,,,,1,0,1,,,
"Apr 24, 2023 6:00 AM",11,6,5,7,5,2,1,1,0,,,,18,8,10,,,,3,1,2,,,
"Apr 24, 2023 7:00 AM",8,5,3,7,4,3,2,1,1,,,,113,39,74,,,,22,7,15,,,
"Apr 24, 2023 8:00 AM",6,1,5,9,3,6,7,3,4,,,,119,34,85,,,,32,22,10,,,
"Apr 24, 2023 9:00 AM",15,8,7,5,3,2,5,3,2,,,,163,53,110,,,,17,6,11,,,
"Apr 24, 2023 10:00 AM",29,10,19,11,7,4,11,6,5,,,,316,122,194,,,,27,13,14,,,
"Apr 24, 2023 11:00 AM",69,31,38,22,15,7,17,8,9,,,,358,172,186,,,,27,7,20,,,
"Apr 24, 2023 12:00 PM",85,45,40,37,20,17,18,8,10,,,,353,159,194,,,,36,21,15,,,
"Apr 24, 2023 1:00 PM",113,49,64,30,16,14,38,24,14,,,,516,212,304,,,,47,25,22,,,
"Apr 24, 2023 2:00 PM",103,52,51,32,20,12,23,14,9,,,,613,250,363,,,,72,29,43,,,
"Apr 24, 2023 3:00 PM",106,59,47,35,16,19,22,13,9,,,,894,332,562,,,,76,20,56,,,
"Apr 24, 2023 4:00 PM",95,45,50,28,13,15,18,10,8,,,,980,336,644,,,,81,41,40,,,
"Apr 24, 2023 5:00 PM",102,55,47,42,29,13,46,30,16,0,0,0,1151,449,702,,,,89,45,44,,,
"Apr 24, 2023 6:00 PM",151,73,78,50,34,16,61,35,26,,,,828,312,516,,,,72,39,33,,,
"Apr 24, 2023 7:00 PM",208,117,91,59,27,32,50,27,23,,,,623,243,380,,,,58,28,30,,,
"Apr 24, 2023 8:00 PM",165,99,66,42,17,25,46,14,32,,,,448,172,276,,,,44,20,24,,,
"Apr 24, 2023 9:00 PM",59,44,15,29,15,14,15,5,10,,,,389,121,268,,,,21,14,7,,,
"Apr 24, 2023 10:00 PM",17,12,5,3,1,2,6,3,3,,,,624,203,421,,,,10,6,4,,,
"Apr 24, 2023 11:00 PM",1,0,1,3,1,2,0,0,0,,,,301,98,203,,,,7,3,4,,,
"Apr 25, 2023 12:00 AM",0,0,0,0,0,0,0,0,0,,,,62,20,42,,,,3,2,1,,,
"Apr 25, 2023 1:00 AM",0,0,0,1,0,1,0,0,0,,,,21,3,18,,,,7,4,3,,,
"Apr 25, 2023 2:00 AM",0,0,0,0,0,0,0,0,0,,,,17,7,10,,,,2,1,1,,,
"Apr 25, 2023 3:00 AM",0,0,0,0,0,0,0,0,0,,,,25,6,19,,,,1,1,0,,,
"Apr 25, 2023 4:00 AM",1,0,1,6,4,2,0,0,0,,,,1,1,0,,,,2,2,0,,,
"Apr 25, 2023 5:00 AM",6,1,5,4,2,2,2,2,0,,,,11,7,4,,,,4,3,1,,,
"Apr 25, 2023 6:00 AM",49,23,26,16,8,8,22,11,11,,,,103,38,65,,,,7,2,5,,,
"Apr 25, 2023 7:00 AM",57,25,32,28,10,18,26,11,15,,,,424,126,298,,,,33,12,21,,,
"Apr 25, 2023 8:00 AM",79,43,36,42,19,23,25,13,12,,,,630,196,434,,,,139,97,42,,,
"Apr 25, 2023 9:00 AM",104,54,50,40,24,16,14,10,4,,,,528,197,331,,,,53,23,30,,,
"Apr 25, 2023 10:00 AM",143,69,74,30,15,15,24,11,13,,,,326,132,194,,,,34,26,8,,,
"Apr 25, 2023 11:00 AM",139,70,69,36,22,14,31,16,15,,,,414,188,226,,,,59,31,28,,,
"Apr 25, 2023 12:00 PM",166,88,78,57,25,32,44,14,30,,,,427,150,277,,,,61,34,27,,,
"Apr 25, 2023 1:00 PM",199,117,82,63,35,28,55,32,23,,,,582,293,289,,,,66,38,28,,,
"Apr 25, 2023 2:00 PM",157,78,79,39,17,22,28,12,16,,,,757,352,405,,,,93,39,54,,,
"Apr 25, 2023 3:00 PM",93,54,39,33,18,15,40,20,20,,,,957,389,568,,,,97,36,61,,,
"Apr 25, 2023 4:00 PM",88,44,44,34,20,14,27,19,8,,,,984,382,602,,,,114,45,69,,,
"Apr 25, 2023 5:00 PM",99,50,49,43,28,15,44,27,17,0,0,0,885,335,550,,,,85,41,44,,,
"Apr 25, 2023 6:00 PM",103,56,47,47,26,21,39,28,11,,,,719,275,444,,,,84,46,38,,,
"Apr 25, 2023 7:00 PM",156,97,59,47,22,25,39,19,20,,,,638,270,368,,,,70,39,31,,,
"Apr 25, 2023 8:00 PM",138,80,58,36,14,22,36,17,19,,,,460,148,312,,,,55,20,35,,,
"Apr 25, 2023 9:00 PM",71,37,34,28,8,20,16,6,10,,,,624,244,380,,,,37,14,23,,,
"Apr 25, 2023 10:00 PM",21,14,7,6,4,2,4,2,2,,,,1123,360,763,,,,8,4,4,,,
"Apr 25, 2023 11:00 PM",0,0,0,5,0,5,2,0,2,,,,315,108,207,,,,4,2,2,,,
"Apr 26, 2023 12:00 AM",0,0,0,0,0,0,0,0,0,,,,31,5,26,,,,9,7,2,,,
"Apr 26, 2023 1:00 AM",0,0,0,1,1,0,0,0,0,,,,16,6,10,,,,2,1,1,,,
"Apr 26, 2023 2:00 AM",0,0,0,0,0,0,0,0,0,0,,0,15,4,11,,,,0,0,0,,,
"Apr 26, 2023 3:00 AM",0,0,0,0,0,0,0,0,0,,,,2,0,2,,,,1,1,0,,,
"Apr 26, 2023 4:00 AM",0,0,0,1,1,0,0,0,0,,,,1,1,0,,,,0,0,0,,,
"Apr 26, 2023 5:00 AM",8,3,5,1,0,1,0,0,0,,,,10,6,4,,,,3,0,3,,,
"Apr 26, 2023 6:00 AM",42,16,26,11,7,4,13,10,3,,,,139,39,100,,,,6,4,2,,,
"Apr 26, 2023 7:00 AM",62,38,24,21,9,12,13,3,10,,,,489,154,335,,,,36,15,21,,,
"Apr 26, 2023 8:00 AM",94,49,45,45,16,29,23,11,12,,,,644,243,401,,,,143,99,44,,,
"Apr 26, 2023 9:00 AM",127,70,57,42,23,19,20,12,8,,,,494,161,333,,,,71,29,42,,,
"Apr 26, 2023 10:00 AM",113,56,57,66,26,40,30,14,16,,,,402,136,266,,,,55,30,25,,,
"Apr 26, 2023 11:00 AM",117,52,65,55,39,16,16,7,9,,,,465,180,285,,,,45,19,26,,,
"Apr 26, 2023 12:00 PM",161,85,76,48,21,27,40,21,19,,,,763,347,416,,,,40,19,21,,,
"Apr 26, 2023 1:00 PM",204,113,91,56,34,22,49,24,25,,,,819,316,503,,,,72,29,43,,,
"Apr 26, 2023 2:00 PM",137,52,85,55,30,25,33,12,21,,,,780,294,486,,,,89,33,56,,,
"Apr 26, 2023 3:00 PM",138,72,66,61,29,32,35,20,15,,,,855,335,520,,,,110,48,62,,,
"Apr 26, 2023 4:00 PM",128,80,48,50,21,29,25,16,9,0,0,0,1052,343,709,,,,68,33,35,,,
"Apr 26, 2023 5:00 PM",165,84,81,68,49,19,51,22,29,,,,964,419,545,,,,68,30,38,,,
"Apr 26, 2023 6:00 PM",210,122,88,73,43,30,56,34,22,,,,939,397,542,,,,83,46,37,,,
"Apr 26, 2023 7:00 PM",230,133,97,53,29,24,45,27,18,,,,496,216,280,,,,74,41,33,,,
"Apr 26, 2023 8:00 PM",165,91,74,63,33,30,45,20,25,,,,591,210,381,,,,38,23,15,,,
"Apr 26, 2023 9:00 PM",96,61,35,17,7,10,17,7,10,,,,791,215,576,,,,24,10,14,,,
"Apr 26, 2023 10:00 PM",24,18,6,8,4,4,7,5,2,,,,510,139,371,,,,20,7,13,,,
"Apr 26, 2023 11:00 PM",2,0,2,7,3,4,2,0,2,,,,186,52,134,,,,7,4,3,,,
"Apr 27, 2023 12:00 AM",0,0,0,1,0,1,3,0,3,,,,66,14,52,,,,10,6,4,,,
"Apr 27, 2023 1:00 AM",0,0,0,0,0,0,0,0,0,,,,4,0,4,,,,4,3,1,,,
"Apr 27, 2023 2:00 AM",0,0,0,0,0,0,0,0,0,,,,1,1,0,,,,2,1,1,,,
"Apr 27, 2023 3:00 AM",0,0,0,0,0,0,0,0,0,,,,0,0,0,,,,1,0,1,,,
"Apr 27, 2023 4:00 AM",0,0,0,1,1,0,1,1,0,,,,0,0,0,,,,1,1,0,,,
"Apr 27, 2023 5:00 AM",8,3,5,1,0,1,0,0,0,,,,4,3,1,,,,2,1,1,,,
"Apr 27, 2023 6:00 AM",49,28,21,9,4,5,29,17,12,0,0,0,59,28,31,,,,6,3,3,,,
"Apr 27, 2023 7:00 AM",49,21,28,22,12,10,18,13,5,,,,381,119,262,,,,33,11,22,,,
"Apr 27, 2023 8:00 AM",70,35,35,36,15,21,18,7,11,,,,509,192,317,,,,115,76,39,,,
"Apr 27, 2023 9:00 AM",74,40,34,39,19,20,23,14,9,,,,245,84,161,,,,46,20,26,,,
"Apr 27, 2023 10:00 AM",65,34,31,18,12,6,18,11,7,,,,275,109,166,,,,24,8,16,,,
"Apr 27, 2023 11:00 AM",66,38,28,18,9,9,12,4,8,,,,225,87,138,,,,25,12,13,,,
"Apr 27, 2023 12:00 PM",74,42,32,29,16,13,19,8,11,,,,243,87,156,,,,27,9,18,,,
"Apr 27, 2023 1:00 PM",74,33,41,21,8,13,30,15,15,0,0,0,386,159,227,,,,45,26,19,,,
"Apr 27, 2023 2:00 PM",75,45,30,6,4,2,12,7,5,0,0,0,432,146,286,,,,45,17,28,,,
"Apr 27, 2023 3:00 PM",42,21,21,16,10,6,11,4,7,0,0,0,439,139,300,,,,79,16,63,,,
"Apr 27, 2023 4:00 PM",49,30,19,23,15,8,22,15,7,0,0,0,524,179,345,,,,50,14,36,,,
"Apr 27, 2023 5:00 PM",71,35,36,27,18,9,41,21,20,0,,0,630,190,440,,,,68,33,35,,,
"Apr 27, 2023 6:00 PM",90,40,50,38,26,12,48,27,21,,,,506,196,310,,,,81,43,38,,,
"Apr 27, 2023 7:00 PM",127,67,60,33,16,17,28,12,16,,,,421,132,289,,,,76,22,54,,,
"Apr 27, 2023 8:00 PM",87,60,27,32,13,19,18,8,10,,,,313,103,210,,,,38,17,21,,,
"Apr 27, 2023 9:00 PM",37,18,19,7,2,5,10,4,6,,,,187,55,132,,,,15,5,10,,,
"Apr 27, 2023 10:00 PM",14,9,5,8,3,5,14,3,11,,,,223,49,174,,,,13,8,5,,,
"Apr 27, 2023 11:00 PM",3,2,1,2,1,1,1,1,0,,,,182,25,157,,,,3,3,0,,,
"Apr 28, 2023 12:00 AM",1,1,0,0,0,0,4,1,3,,,,2,1,1,,,,9,5,4,,,
"Apr 28, 2023 1:00 AM",1,1,0,0,0,0,0,0,0,,,,4,1,3,,,,1,0,1,,,
"Apr 28, 2023 2:00 AM",1,0,1,0,0,0,0,0,0,,,,3,3,0,,,,0,0,0,,,
"Apr 28, 2023 3:00 AM",0,0,0,0,0,0,0,0,0,,,,0,0,0,,,,1,1,0,,,
"Apr 28, 2023 4:00 AM",0,0,0,1,1,0,0,0,0,,,,0,0,0,,,,0,0,0,,,
"Apr 28, 2023 5:00 AM",3,1,2,1,0,1,1,1,0,,,,3,2,1,,,,3,2,1,,,
"Apr 28, 2023 6:00 AM",49,25,24,15,8,7,13,7,6,,,,21,15,6,,,,8,6,2,,,
"Apr 28, 2023 7:00 AM",50,20,30,28,17,11,13,9,4,,,,73,29,44,,,,37,12,25,,,
"Apr 28, 2023 8:00 AM",76,36,40,35,16,19,19,14,5,,,,128,52,76,,,,107,77,30,,,
"Apr 28, 2023 9:00 AM",91,38,53,30,13,17,12,8,4,,,,174,49,125,,,,48,20,28,,,
"Apr 28, 2023 10:00 AM",95,58,37,22,11,11,26,17,9,,,,440,193,247,,,,33,16,17,,,
"Apr 28, 2023 11:00 AM",61,36,25,31,17,14,12,4,8,0,0,0,384,100,284,,,,36,20,16,,,
"Apr 28, 2023 12:00 PM",85,45,40,45,21,24,31,18,13,0,0,0,177,67,110,,,,31,11,20,,,
"Apr 28, 2023 1:00 PM",117,70,47,29,15,14,30,12,18,0,0,0,198,79,119,,,,103,23,80,,,
"Apr 28, 2023 2:00 PM",122,66,56,37,19,18,46,35,11,0,0,0,309,149,160,,,,77,37,40,,,
"Apr 28, 2023 3:00 PM",124,76,48,33,21,12,23,13,10,0,0,0,236,98,138,,,,79,31,48,,,
"Apr 28, 2023 4:00 PM",139,68,71,29,15,14,39,22,17,0,0,0,308,92,216,,,,65,31,34,,,
"Apr 28, 2023 5:00 PM",147,84,63,25,12,13,31,16,15,0,0,0,324,104,220,,,,68,34,34,,,
"Apr 28, 2023 6:00 PM",135,82,53,68,52,16,38,20,18,0,0,0,234,85,149,,,,54,28,26,,,
"Apr 28, 2023 7:00 PM",149,93,56,42,26,16,31,20,11,0,0,0,172,65,107,,,,71,41,30,,,
"Apr 28, 2023 8:00 PM",168,89,79,84,27,57,37,15,22,0,0,0,182,71,111,,,,58,28,30,,,
"Apr 28, 2023 9:00 PM",127,71,56,25,13,12,21,10,11,0,0,0,223,80,143,,,,33,12,21,,,
"Apr 28, 2023 10:00 PM",34,26,8,11,4,7,17,4,13,0,0,0,259,83,176,,,,12,5,7,,,
"Apr 28, 2023 11:00 PM",22,15,7,6,2,4,9,5,4,0,0,0,266,109,157,,,,27,11,16,,,
"Apr 29, 2023 12:00 AM",0,0,0,3,0,3,3,0,3,0,0,0,88,29,59,,,,8,6,2,,,
"Apr 29, 2023 1:00 AM",1,1,0,2,1,1,2,0,2,0,0,0,6,4,2,,,,7,2,5,,,
"Apr 29, 2023 2:00 AM",0,0,0,0,0,0,1,1,0,0,0,0,2,0,2,,,,5,3,2,,,
"Apr 29, 2023 3:00 AM",0,0,0,0,0,0,0,0,0,0,0,0,11,2,9,,,,6,4,2,,,
"Apr 29, 2023 4:00 AM",0,0,0,0,0,0,0,0,0,0,0,0,3,3,0,,,,3,3,0,,,
"Apr 29, 2023 5:00 AM",3,2,1,4,4,0,5,1,4,0,0,0,1,0,1,,,,3,3,0,,,
"Apr 29, 2023 6:00 AM",16,4,12,5,3,2,3,0,3,0,0,0,10,6,4,,,,7,4,3,,,
"Apr 29, 2023 7:00 AM",45,23,22,17,11,6,10,8,2,0,0,0,114,32,82,,,,17,8,9,,,
"Apr 29, 2023 8:00 AM",116,61,55,36,19,17,37,20,17,0,0,0,62,35,27,,,,16,6,10,,,
"Apr 29, 2023 9:00 AM",131,73,58,51,28,23,42,22,20,0,0,0,120,42,78,,,,38,16,22,,,
"Apr 29, 2023 10:00 AM",197,101,96,78,35,43,67,43,24,0,0,0,113,65,48,,,,33,17,16,,,
"Apr 29, 2023 11:00 AM",272,155,117,88,37,51,45,24,21,0,0,0,205,77,128,,,,52,26,26,,,
"Apr 29, 2023 12:00 PM",253,148,105,56,26,30,43,20,23,0,0,0,74,29,45,,,,51,31,20,,,
"Apr 29, 2023 1:00 PM",231,104,127,45,25,20,41,24,17,0,0,0,88,47,41,,,,29,11,18,,,
"Apr 29, 2023 2:00 PM",204,109,95,53,36,17,37,23,14,0,,0,95,44,51,,,,26,15,11,,,
"Apr 29, 2023 3:00 PM",298,181,117,28,15,13,38,25,13,0,,0,137,69,68,,,,31,12,19,,,
"Apr 29, 2023 4:00 PM",123,62,61,33,14,19,27,12,15,0,,0,62,24,38,,,,19,9,10,,,
"Apr 29, 2023 5:00 PM",182,91,91,24,10,14,36,20,16,0,0,0,100,42,58,,,,40,29,11,,,
"Apr 29, 2023 6:00 PM",229,144,85,51,37,14,14,7,7,,,,123,43,80,,,,31,15,16,,,
"Apr 29, 2023 7:00 PM",269,165,104,43,20,23,53,31,22,0,0,0,50,24,26,,,,45,23,22,,,
"Apr 29, 2023 8:00 PM",165,94,71,30,12,18,28,16,12,0,0,0,98,39,59,,,,47,22,25,,,
"Apr 29, 2023 9:00 PM",139,69,70,18,1,17,30,8,22,0,0,0,44,9,35,,,,28,8,20,,,
"Apr 29, 2023 10:00 PM",46,29,17,5,2,3,12,4,8,,,,36,8,28,,,,19,10,9,,,
"Apr 29, 2023 11:00 PM",28,24,4,2,0,2,16,8,8,,,,27,9,18,,,,13,7,6,,,
"Apr 30, 2023 12:00 AM",0,0,0,1,1,0,12,7,5,,,,8,3,5,,,,17,10,7,,,
"Apr 30, 2023 1:00 AM",1,1,0,2,0,2,0,0,0,,,,2,0,2,,,,2,2,0,,,
"Apr 30, 2023 2:00 AM",1,1,0,0,0,0,2,1,1,,,,1,1,0,,,,8,5,3,,,
"Apr 30, 2023 3:00 AM",0,0,0,0,0,0,0,0,0,,,,0,0,0,,,,5,3,2,,,
"Apr 30, 2023 4:00 AM",0,0,0,0,0,0,0,0,0,,,,1,0,1,,,,3,1,2,,,
"Apr 30, 2023 5:00 AM",1,0,1,1,1,0,0,0,0,,,,0,0,0,,,,3,2,1,,,
"Apr 30, 2023 6:00 AM",6,2,4,8,6,2,2,2,0,,,,0,0,0,,,,5,3,2,,,
"Apr 30, 2023 7:00 AM",41,20,21,8,7,1,14,9,5,,,,17,11,6,,,,8,4,4,,,
"Apr 30, 2023 8:00 AM",79,34,45,32,20,12,18,8,10,,,,42,21,21,,,,14,4,10,,,
"Apr 30, 2023 9:00 AM",155,72,83,53,30,23,39,20,19,0,0,0,111,71,40,,,,37,21,16,,,
"Apr 30, 2023 10:00 AM",370,229,141,82,45,37,53,33,20,0,0,0,140,80,60,,,,53,26,27,,,
"Apr 30, 2023 11:00 AM",512,297,215,91,56,35,64,39,25,,,,213,126,87,,,,56,25,31,,,
"Apr 30, 2023 12:00 PM",597,366,231,76,39,37,58,30,28,,,,170,82,88,,,,57,35,22,,,
"Apr 30, 2023 1:00 PM",625,316,309,82,40,42,65,36,29,,,,127,50,77,,,,69,35,34,,,
"Apr 30, 2023 2:00 PM",623,329,294,68,44,24,71,39,32,,,,135,64,71,,,,52,22,30,,,
"Apr 30, 2023 3:00 PM",607,355,252,86,46,40,46,30,16,,,,174,83,91,,,,39,11,28,,,
"Apr 30, 2023 4:00 PM",519,271,248,91,38,53,55,22,33,,,,157,76,81,,,,51,24,27,,,
"Apr 30, 2023 5:00 PM",361,189,172,57,26,31,68,38,30,,,,161,59,102,,,,42,17,25,,,
"Apr 30, 2023 6:00 PM",270,134,136,46,16,30,43,18,25,,,,132,50,82,,,,33,15,18,,,
"Apr 30, 2023 7:00 PM",198,119,79,26,22,4,39,23,16,,,,77,34,43,,,,45,15,30,,,
"Apr 30, 2023 8:00 PM",174,95,79,29,15,14,33,18,15,0,0,0,85,35,50,,,,26,14,12,,,
"Apr 30, 2023 9:00 PM",86,32,54,16,10,6,27,17,10,0,0,0,112,27,85,,,,31,13,18,,,
"Apr 30, 2023 10:00 PM",36,26,10,10,2,8,12,5,7,,,,137,31,106,,,,22,12,10,,,
"Apr 30, 2023 11:00 PM",11,5,6,6,2,4,5,3,2,0,0,0,143,36,107,,,,11,3,8,,,
"May 1, 2023 12:00 AM",0,0,0,2,0,2,1,1,0,,,,127,29,98,,,,15,14,1,,,
"May 1, 2023 1:00 AM",2,1,1,0,0,0,0,0,0,,,,6,3,3,,,,4,3,1,,,
"May 1, 2023 2:00 AM",0,0,0,1,0,1,0,0,0,,,,3,2,1,,,,12,8,4,,,
"May 1, 2023 3:00 AM",0,0,0,0,0,0,0,0,0,,,,2,1,1,,,,8,3,5,,,
"May 1, 2023 4:00 AM",0,0,0,1,1,0,0,0,0,,,,6,6,0,,,,7,0,7,,,
"May 1, 2023 5:00 AM",0,0,0,1,1,0,0,0,0,,,,0,0,0,,,,2,0,2,,,
"May 1, 2023 6:00 AM",19,8,11,6,4,2,3,1,2,,,,8,7,1,,,,6,4,2,,,
"May 1, 2023 7:00 AM",34,16,18,14,8,6,10,9,1,,,,18,9,9,,,,9,4,5,,,
"May 1, 2023 8:00 AM",87,42,45,25,11,14,14,7,7,,,,45,24,21,,,,23,12,11,,,
"May 1, 2023 9:00 AM",181,80,101,54,30,24,20,12,8,,,,86,58,28,,,,25,17,8,,,
"May 1, 2023 10:00 AM",292,149,143,108,53,55,64,39,25,,,,161,92,69,,,,33,17,16,,,
"May 1, 2023 11:00 AM",459,258,201,100,59,41,79,50,29,,,,226,122,104,,,,41,15,26,,,
"May 1, 2023 12:00 PM",528,315,213,81,56,25,89,51,38,,,,184,73,111,,,,53,22,31,,,
"May 1, 2023 1:00 PM",629,353,276,85,48,37,70,40,30,,,,187,72,115,,,,60,25,35,,,
"May 1, 2023 2:00 PM",607,332,275,92,52,40,74,41,33,,,,184,112,72,,,,60,25,35,,,
"May 1, 2023 3:00 PM",684,333,351,97,55,42,73,33,40,,,,218,112,106,,,,61,41,20,,,
"May 1, 2023 4:00 PM",567,270,297,92,50,42,84,43,41,,,,153,75,78,,,,48,23,25,,,
"May 1, 2023 5:00 PM",496,234,262,80,36,44,47,17,30,,,,157,71,86,,,,51,34,17,,,
"May 1, 2023 6:00 PM",296,162,134,55,22,33,54,30,24,,,,200,94,106,,,,50,25,25,,,
"May 1, 2023 7:00 PM",205,120,85,50,21,29,45,20,25,,,,110,53,57,,,,62,33,29,,,
"May 1, 2023 8:00 PM",184,87,97,36,19,17,29,22,7,,,,75,34,41,,,,55,25,30,,,
"May 1, 2023 9:00 PM",117,57,60,29,13,16,9,3,6,,,,59,11,48,,,,40,21,19,,,
"May 1, 2023 10:00 PM",39,25,14,7,2,5,14,8,6,,,,35,11,24,,,,16,11,5,,,
"May 1, 2023 11:00 PM",5,3,2,2,2,0,2,1,1,,,,11,2,9,,,,5,1,4,,,
"May 2, 2023 12:00 AM",0,0,0,0,0,0,0,0,0,,,,10,3,7,,,,5,3,2,,,
"May 2, 2023 1:00 AM",2,2,0,0,0,0,0,0,0,,,,8,2,6,,,,4,3,1,,,
"May 2, 2023 2:00 AM",0,0,0,0,0,0,0,0,0,,,,4,0,4,,,,3,2,1,,,
"May 2, 2023 3:00 AM",0,0,0,0,0,0,1,1,0,,,,4,0,4,,,,1,1,0,,,
"May 2, 2023 4:00 AM",1,1,0,0,0,0,0,0,0,,,,2,0,2,,,,1,1,0,,,
"May 2, 2023 5:00 AM",4,0,4,4,1,3,2,1,1,,,,2,1,1,,,,3,1,2,,,
"May 2, 2023 6:00 AM",38,17,21,18,9,9,8,3,5,,,,43,10,33,,,,7,3,4,,,
"May 2, 2023 7:00 AM",60,33,27,20,4,16,13,5,8,,,,79,40,39,,,,41,18,23,,,
"May 2, 2023 8:00 AM",98,53,45,39,18,21,25,10,15,,,,159,66,93,,,,52,24,28,,,
"May 2, 2023 9:00 AM",106,55,51,59,43,16,20,13,7,,,,92,49,43,,,,47,25,22,,,
"May 2, 2023 10:00 AM",113,65,48,45,17,28,43,31,12,,,,75,39,36,,,,34,16,18,,,
"May 2, 2023 11:00 AM",139,87,52,38,21,17,43,21,22,,,,77,39,38,,,,33,14,19,,,
"May 2, 2023 12:00 PM",186,103,83,51,26,25,34,20,14,,,,86,46,40,,,,45,25,20,,,
"May 2, 2023 1:00 PM",216,125,91,51,25,26,52,24,28,,,,244,171,73,,,,79,43,36,,,
"May 2, 2023 2:00 PM",165,72,93,55,25,30,21,12,9,,,,218,127,91,,,,53,26,27,,,
"May 2, 2023 3:00 PM",111,60,51,40,24,16,28,18,10,,,,226,69,157,,,,58,33,25,,,
"May 2, 2023 4:00 PM",151,68,83,50,27,23,31,20,11,,,,122,61,61,,,,91,47,44,,,
"May 2, 2023 5:00 PM",154,84,70,40,23,17,57,35,22,,,,160,81,79,,,,83,34,49,,,
"May 2, 2023 6:00 PM",168,93,75,56,40,16,46,30,16,,,,187,111,76,,,,112,65,47,,,
"May 2, 2023 7:00 PM",196,110,86,75,39,36,47,26,21,,,,131,73,58,,,,102,49,53,,,
"May 2, 2023 8:00 PM",201,116,85,59,32,27,44,19,25,,,,90,50,40,,,,53,20,33,,,
"May 2, 2023 9:00 PM",85,48,37,34,10,24,25,15,10,,,,51,15,36,,,,27,10,17,,,
"May 2, 2023 10:00 PM",29,22,7,5,3,2,23,15,8,,,,47,13,34,,,,17,7,10,,,
"May 2, 2023 11:00 PM",6,1,5,1,0,1,3,1,2,,,,87,23,64,,,,17,10,7,,,
"May 3, 2023 12:00 AM",0,0,0,0,0,0,0,0,0,,,,33,3,30,,,,2,2,0,,,
"May 3, 2023 1:00 AM",2,1,1,0,0,0,1,0,1,,,,2,2,0,,,,0,0,0,,,
"May 3, 2023 2:00 AM",0,0,0,0,0,0,0,0,0,,,,17,7,10,,,,8,5,3,,,
"May 3, 2023 3:00 AM",0,0,0,1,0,1,0,0,0,,,,1,1,0,,,,2,0,2,,,
"May 3, 2023 4:00 AM",0,0,0,0,0,0,0,0,0,,,,2,2,0,,,,2,2,0,,,
"May 3, 2023 5:00 AM",17,7,10,4,2,2,4,3,1,,,,2,1,1,,,,4,1,3,,,
"May 3, 2023 6:00 AM",39,20,19,15,9,6,7,6,1,,,,24,12,12,,,,9,6,3,,,
"May 3, 2023 7:00 AM",77,36,41,34,8,26,10,6,4,,,,74,37,37,,,,37,15,22,,,
"May 3, 2023 8:00 AM",76,41,35,30,15,15,35,17,18,,,,153,58,95,,,,155,112,43,,,
"May 3, 2023 9:00 AM",106,67,39,37,22,15,26,18,8,,,,102,50,52,,,,51,20,31,,,
"May 3, 2023 10:00 AM",73,44,29,41,25,16,22,9,13,,,,69,43,26,,,,34,19,15,,,
"May 3, 2023 11:00 AM",122,67,55,38,23,15,27,18,9,,,,115,41,74,,,,48,20,28,,,
"May 3, 2023 12:00 PM",118,58,60,46,28,18,31,15,16,,,,73,40,33,,,,38,18,20,,,
"May 3, 2023 1:00 PM",135,81,54,62,22,40,40,21,19,,,,219,111,108,,,,85,36,49,,,
"May 3, 2023 2:00 PM",121,56,65,38,15,23,22,10,12,,,,180,95,85,,,,77,34,43,,,
"May 3, 2023 3:00 PM",138,88,50,32,22,10,39,20,19,,,,122,54,68,,,,104,33,71,,,
"May 3, 2023 4:00 PM",135,75,60,40,18,22,28,14,14,,,,120,54,66,,,,82,40,42,,,
"May 3, 2023 5:00 PM",94,47,47,38,26,12,44,28,16,,,,164,72,92,,,,85,45,40,,,
"May 3, 2023 6:00 PM",156,70,86,67,39,28,59,28,31,,,,157,81,76,,,,71,43,28,,,
"May 3, 2023 7:00 PM",188,105,83,55,22,33,35,17,18,,,,208,86,122,,,,56,27,29,,,
"May 3, 2023 8:00 PM",150,96,54,36,15,21,31,16,15,,,,84,32,52,,,,38,18,20,,,
"May 3, 2023 9:00 PM",102,48,54,34,14,20,18,5,13,,,,71,29,42,,,,35,18,17,,,
"May 3, 2023 10:00 PM",33,23,10,6,1,5,12,5,7,,,,93,31,62,,,,22,10,12,,,
"May 3, 2023 11:00 PM",3,1,2,0,0,0,3,3,0,,,,123,24,99,,,,2,1,1,,,
"May 4, 2023 12:00 AM",0,0,0,0,0,0,0,0,0,,,,11,5,6,,,,7,4,3,,,
"May 4, 2023 1:00 AM",0,0,0,2,0,2,2,1,1,,,,0,0,0,,,,4,4,0,,,
"May 4, 2023 2:00 AM",0,0,0,0,0,0,4,4,0,,,,2,1,1,,,,1,1,0,,,
"May 4, 2023 3:00 AM",0,0,0,1,0,1,0,0,0,,,,0,0,0,,,,2,1,1,,,
"May 4, 2023 4:00 AM",0,0,0,0,0,0,0,0,0,,,,1,0,1,,,,1,1,0,,,
"May 4, 2023 5:00 AM",9,3,6,3,1,2,1,1,0,,,,2,1,1,,,,2,1,1,,,
"May 4, 2023 6:00 AM",32,16,16,8,5,3,9,4,5,,,,32,22,10,,,,17,10,7,,,
"May 4, 2023 7:00 AM",52,26,26,23,9,14,16,7,9,,,,102,34,68,,,,35,13,22,,,
"May 4, 2023 8:00 AM",83,46,37,34,12,22,30,18,12,,,,174,69,105,,,,123,86,37,,,
"May 4, 2023 9:00 AM",114,72,42,45,15,30,17,7,10,,,,115,34,81,,,,66,29,37,,,
"May 4, 2023 10:00 AM",108,49,59,30,13,17,16,9,7,,,,141,68,73,,,,28,16,12,,,
"May 4, 2023 11:00 AM",146,81,65,32,21,11,22,11,11,,,,119,46,73,,,,46,23,23,,,
"May 4, 2023 12:00 PM",146,79,67,29,15,14,31,18,13,,,,103,44,59,,,,45,19,26,,,
"May 4, 2023 1:00 PM",189,112,77,38,20,18,36,15,21,,,,200,92,108,,,,63,27,36,,,
"May 4, 2023 2:00 PM",145,83,62,38,20,18,28,17,11,,,,224,104,120,,,,78,29,49,,,
"May 4, 2023 3:00 PM",97,50,47,29,14,15,17,9,8,,,,289,94,195,,,,110,36,74,,,
"May 4, 2023 4:00 PM",102,48,54,46,27,19,26,15,11,,,,309,87,222,,,,80,31,49,,,
"May 4, 2023 5:00 PM",87,47,40,39,27,12,35,24,11,,,,149,64,85,,,,88,40,48,,,
"May 4, 2023 6:00 PM",41,23,18,30,16,14,20,11,9,,,,76,36,40,,,,51,26,25,,,
"May 4, 2023 7:00 PM",26,16,10,10,6,4,9,5,4,,,,30,10,20,,,,33,17,16,,,
"May 4, 2023 8:00 PM",34,13,21,12,7,5,1,0,1,,,,35,15,20,,,,22,10,12,,,
"May 4, 2023 9:00 PM",27,14,13,10,6,4,2,0,2,,,,25,7,18,,,,12,9,3,,,
"May 4, 2023 10:00 PM",9,4,5,5,1,4,2,0,2,,,,8,4,4,,,,17,10,7,,,
"May 4, 2023 11:00 PM",2,2,0,2,0,2,0,0,0,,,,2,0,2,,,,7,5,2,,,
"May 5, 2023 12:00 AM",0,0,0,0,0,0,4,0,4,,,,1,1,0,,,,8,6,2,,,
"May 5, 2023 1:00 AM",1,1,0,0,0,0,1,0,1,,,,0,0,0,,,,2,1,1,,,
"May 5, 2023 2:00 AM",0,0,0,0,0,0,0,0,0,,,,0,0,0,,,,0,0,0,,,
"May 5, 2023 3:00 AM",0,0,0,0,0,0,0,0,0,,,,0,0,0,,,,1,1,0,,,
"May 5, 2023 4:00 AM",0,0,0,2,1,1,0,0,0,,,,1,1,0,,,,1,1,0,,,
"May 5, 2023 5:00 AM",145,2,143,2,1,1,1,1,0,,,,2,2,0,,,,1,0,1,,,
"May 5, 2023 6:00 AM",235,185,50,16,8,8,20,12,8,,,,21,11,10,,,,11,8,3,,,
"May 5, 2023 7:00 AM",53,30,23,24,7,17,14,6,8,,,,51,29,22,,,,39,17,22,,,
"May 5, 2023 8:00 AM",86,49,37,38,21,17,18,9,9,,,,111,63,48,,,,135,99,36,,,
"May 5, 2023 9:00 AM",111,58,53,36,14,22,47,29,18,,,,95,38,57,,,,41,11,30,,,
"May 5, 2023 10:00 AM",116,54,62,37,21,16,30,15,15,,,,75,40,35,,,,32,17,15,,,
"May 5, 2023 11:00 AM",161,97,64,57,36,21,41,21,20,,,,123,60,63,,,,32,12,20,,,
"May 5, 2023 12:00 PM",144,82,62,44,16,28,34,18,16,,,,107,45,62,,,,37,13,24,,,
"May 5, 2023 1:00 PM",112,54,58,58,31,27,64,40,24,,,,91,43,48,,,,109,33,76,,,
"May 5, 2023 2:00 PM",118,61,57,49,25,24,31,13,18,,,,190,105,85,,,,58,23,35,,,
"May 5, 2023 3:00 PM",128,71,57,34,14,20,32,16,16,,,,220,97,123,,,,60,28,32,,,
"May 5, 2023 4:00 PM",211,109,102,70,35,35,43,18,25,,,,174,93,81,,,,85,39,46,,,
"May 5, 2023 5:00 PM",189,103,86,79,55,24,57,33,24,,,,249,137,112,,,,96,53,43,,,
"May 5, 2023 6:00 PM",218,124,94,77,46,31,58,30,28,,,,211,97,114,,,,87,40,47,,,
"May 5, 2023 7:00 PM",230,146,84,95,40,55,48,36,12,,,,154,93,61,,,,79,38,41,,,
"May 5, 2023 8:00 PM",208,112,96,55,20,35,37,14,23,,,,114,51,63,,,,40,14,26,,,
"May 5, 2023 9:00 PM",122,63,59,24,12,12,12,9,3,,,,78,19,59,,,,28,16,12,,,
"May 5, 2023 10:00 PM",49,21,28,11,5,6,29,15,14,,,,108,28,80,,,,21,8,13,,,
"May 5, 2023 11:00 PM",12,10,2,16,6,10,11,4,7,,,,65,14,51,,,,6,1,5,,,
"May 6, 2023 12:00 AM",2,1,1,0,0,0,1,0,1,,,,19,7,12,,,,12,7,5,,,
"May 6, 2023 1:00 AM",0,0,0,1,0,1,1,0,1,,,,25,4,21,,,,8,6,2,,,
"May 6, 2023 2:00 AM",0,0,0,0,0,0,0,0,0,,,,4,3,1,,,,1,1,0,,,
"May 6, 2023 3:00 AM",0,0,0,2,2,0,3,1,2,,,,17,1,16,,,,5,5,0,,,
"May 6, 2023 4:00 AM",44,17,27,2,2,0,15,11,4,,,,17,12,5,,,,11,9,2,,,
"May 6, 2023 5:00 AM",197,104,93,25,17,8,11,9,2,,,,30,25,5,,,,9,0,9,,,
"May 6, 2023 6:00 AM",64,40,24,27,6,21,14,5,9,,,,33,16,17,,,,9,3,6,,,
"May 6, 2023 7:00 AM",60,34,26,30,8,22,14,9,5,,,,39,22,17,,,,16,8,8,,,
"May 6, 2023 8:00 AM",91,38,53,32,14,18,22,14,8,,,,64,37,27,,,,22,9,13,,,
"May 6, 2023 9:00 AM",130,71,59,38,17,21,45,28,17,,,,142,68,74,,,,44,14,30,,,
"May 6, 2023 10:00 AM",169,103,66,58,27,31,41,22,19,,,,171,78,93,,,,58,37,21,,,
"May 6, 2023 11:00 AM",175,107,68,73,37,36,51,31,20,,,,168,90,78,,,,47,25,22,,,
"May 6, 2023 12:00 PM",186,110,76,65,39,26,43,26,17,,,,139,65,74,,,,42,18,24,,,
"May 6, 2023 1:00 PM",219,119,100,59,34,25,54,19,35,,,,115,54,61,,,,40,22,18,,,
"May 6, 2023 2:00 PM",193,130,63,54,33,21,50,29,21,,,,136,64,72,,,,37,23,14,,,
"May 6, 2023 3:00 PM",325,171,154,54,26,28,46,24,22,,,,52,21,31,,,,32,14,18,,,
"May 6, 2023 4:00 PM",274,152,122,59,27,32,76,37,39,,,,111,62,49,,,,55,31,24,,,
"May 6, 2023 5:00 PM",311,155,156,47,27,20,51,28,23,,,,99,39,60,,,,57,27,30,,,
"May 6, 2023 6:00 PM",107,46,61,23,12,11,22,9,13,,,,63,34,29,,,,41,18,23,,,
"May 6, 2023 7:00 PM",100,65,35,20,9,11,26,8,18,,,,58,26,32,,,,40,21,19,,,
"May 6, 2023 8:00 PM",140,80,60,30,18,12,36,17,19,,,,51,27,24,,,,39,16,23,,,
"May 6, 2023 9:00 PM",81,49,32,37,24,13,28,14,14,,,,32,15,17,,,,25,15,10,,,
"May 6, 2023 10:00 PM",47,29,18,8,3,5,17,8,9,,,,27,13,14,,,,13,7,6,,,
"May 6, 2023 11:00 PM",25,12,13,7,2,5,16,4,12,,,,37,15,22,,,,11,7,4,,,
"May 7, 2023 12:00 AM",0,0,0,0,0,0,2,0,2,,,,16,9,7,,,,12,3,9,,,
"May 7, 2023 1:00 AM",2,1,1,2,0,2,1,0,1,,,,21,9,12,,,,10,7,3,,,
"May 7, 2023 2:00 AM",0,0,0,0,0,0,0,0,0,,,,1,0,1,,,,9,4,5,,,
"May 7, 2023 3:00 AM",0,0,0,0,0,0,0,0,0,,,,2,1,1,,,,5,4,1,,,
"May 7, 2023 4:00 AM",2,0,2,1,1,0,1,1,0,,,,0,0,0,,,,7,5,2,,,
"May 7, 2023 5:00 AM",5,1,4,0,0,0,2,2,0,,,,2,2,0,,,,6,1,5,,,
"May 7, 2023 6:00 AM",17,7,10,9,5,4,0,0,0,,,,5,1,4,,,,6,2,4,,,
"May 7, 2023 7:00 AM",35,16,19,14,11,3,14,8,6,,,,25,17,8,,,,10,5,5,,,
"May 7, 2023 8:00 AM",104,55,49,41,24,17,29,21,8,,,,42,25,17,,,,26,12,14,,,
"May 7, 2023 9:00 AM",192,103,89,60,35,25,61,33,28,,,,100,59,41,,,,40,17,23,,,
"May 7, 2023 10:00 AM",303,181,122,88,44,44,77,48,29,,,,166,92,74,,,,63,32,31,,,
"May 7, 2023 11:00 AM",470,259,211,126,65,61,103,62,41,,,,186,121,65,,,,71,42,29,,,
"May 7, 2023 12:00 PM",659,381,278,114,53,61,102,59,43,,,,244,109,135,,,,77,38,39,,,
"May 7, 2023 1:00 PM",572,328,244,168,90,78,95,52,43,,,,126,72,54,,,,57,33,24,,,
"May 7, 2023 2:00 PM",593,336,257,132,64,68,115,68,47,,,,115,76,39,,,,59,30,29,,,
"May 7, 2023 3:00 PM",708,414,294,121,39,82,114,47,67,,,,138,68,70,,,,43,16,27,,,
"May 7, 2023 4:00 PM",620,311,309,120,69,51,96,53,43,,,,159,75,84,,,,46,26,20,,,
"May 7, 2023 5:00 PM",388,195,193,66,26,40,75,24,51,,,,136,59,77,,,,51,27,24,,,
"May 7, 2023 6:00 PM",202,106,96,68,20,48,57,38,19,,,,78,33,45,,,,65,39,26,,,
"May 7, 2023 7:00 PM",146,74,72,34,16,18,33,8,25,,,,110,53,57,,,,36,19,17,,,
"May 7, 2023 8:00 PM",97,52,45,31,17,14,34,16,18,,,,58,28,30,,,,36,18,18,,,
"May 7, 2023 9:00 PM",65,32,33,14,7,7,21,10,11,,,,39,15,24,,,,26,12,14,,,
"May 7, 2023 10:00 PM",13,7,6,7,5,2,3,1,2,,,,21,8,13,,,,6,3,3,,,
"May 7, 2023 11:00 PM",2,1,1,0,0,0,1,1,0,,,,2,0,2,,,,9,5,4,,,
"May 8, 2023 12:00 AM",0,0,0,0,0,0,1,1,0,,,,8,4,4,,,,5,4,1,,,
"May 8, 2023 1:00 AM",0,0,0,0,0,0,0,0,0,,,,2,2,0,,,,0,0,0,,,
"May 8, 2023 2:00 AM",0,0,0,0,0,0,0,0,0,,,,0,0,0,,,,0,0,0,,,
"May 8, 2023 3:00 AM",0,0,0,0,0,0,0,0,0,,,,0,0,0,,,,0,0,0,,,
"May 8, 2023 4:00 AM",0,0,0,2,2,0,0,0,0,,,,2,2,0,,,,0,0,0,,,
"May 8, 2023 5:00 AM",6,3,3,1,0,1,1,1,0,,,,2,2,0,,,,1,0,1,,,
"May 8, 2023 6:00 AM",31,13,18,8,2,6,3,2,1,,,,18,9,9,,,,6,6,0,,,
"May 8, 2023 7:00 AM",72,34,38,23,10,13,17,8,9,,,,48,25,23,,,,40,19,21,,,
"May 8, 2023 8:00 AM",80,48,32,26,9,17,28,13,15,,,,74,33,41,,,,122,84,38,,,
"May 8, 2023 9:00 AM",98,52,46,38,15,23,24,12,12,,,,72,41,31,,,,47,23,24,,,
"May 8, 2023 10:00 AM",138,75,63,45,29,16,36,20,16,,,,73,41,32,,,,28,17,11,,,
"May 8, 2023 11:00 AM",124,70,54,31,11,20,47,24,23,,,,65,35,30,,,,32,12,20,,,
"May 8, 2023 12:00 PM",156,63,93,41,24,17,27,16,11,,,,69,46,23,,,,49,28,21,,,
"May 8, 2023 1:00 PM",213,99,114,51,29,22,56,29,27,,,,116,69,47,,,,64,25,39,,,
"May 8, 2023 2:00 PM",164,79,85,29,9,20,22,7,15,,,,108,47,61,,,,110,44,66,,,
"May 8, 2023 3:00 PM",121,62,59,36,16,20,31,16,15,,,,86,45,41,,,,95,28,67,,,
"May 8, 2023 4:00 PM",139,83,56,44,27,17,27,10,17,,,,152,56,96,,,,106,51,55,,,
"May 8, 2023 5:00 PM",165,90,75,36,25,11,58,35,23,,,,147,66,81,,,,76,45,31,,,
"May 8, 2023 6:00 PM",166,92,74,57,31,26,39,15,24,,,,159,87,72,,,,69,32,37,,,
"May 8, 2023 7:00 PM",130,70,60,27,18,9,43,19,24,,,,171,96,75,,,,67,30,37,,,
"May 8, 2023 8:00 PM",36,14,22,11,7,4,13,10,3,,,,75,39,36,,,,14,7,7,,,
"May 8, 2023 9:00 PM",66,36,30,38,15,23,22,6,16,,,,48,23,25,,,,20,11,9,,,
"May 8, 2023 10:00 PM",31,24,7,17,3,14,5,2,3,,,,50,17,33,,,,17,6,11,,,
"May 8, 2023 11:00 PM",2,2,0,3,1,2,4,2,2,,,,21,10,11,,,,10,4,6,,,
"May 9, 2023 12:00 AM",0,0,0,0,0,0,0,0,0,,,,12,12,0,,,,9,8,1,,,
"May 9, 2023 1:00 AM",0,0,0,9,8,1,2,2,0,,,,10,10,0,,,,2,0,2,,,
"May 9, 2023 2:00 AM",0,0,0,4,2,2,0,0,0,,,,0,0,0,,,,0,0,0,,,
"May 9, 2023 3:00 AM",0,0,0,0,0,0,0,0,0,,,,0,0,0,,,,0,0,0,,,
"May 9, 2023 4:00 AM",0,0,0,1,1,0,0,0,0,,,,0,0,0,,,,1,1,0,,,
"May 9, 2023 5:00 AM",8,1,7,5,2,3,3,3,0,,,,6,4,2,,,,5,3,2,,,
"May 9, 2023 6:00 AM",58,28,30,20,9,11,22,14,8,,,,25,19,6,,,,13,9,4,,,
"May 9, 2023 7:00 AM",83,42,41,34,9,25,22,10,12,,,,83,48,35,,,,40,21,19,,,
"May 9, 2023 8:00 AM",94,53,41,34,11,23,14,7,7,,,,144,60,84,,,,137,90,47,,,
"May 9, 2023 9:00 AM",116,59,57,41,16,25,33,15,18,,,,85,46,39,,,,74,39,35,,,
"May 9, 2023 10:00 AM",148,94,54,37,21,16,41,21,20,,,,77,35,42,,,,40,23,17,,,
"May 9, 2023 11:00 AM",158,89,69,54,30,24,40,16,24,,,,128,49,79,,,,41,17,24,,,
"May 9, 2023 12:00 PM",166,89,77,41,13,28,26,11,15,,,,90,53,37,,,,38,24,14,,,
"May 9, 2023 1:00 PM",163,90,73,56,34,22,45,29,16,,,,112,80,32,,,,104,54,50,,,
"May 9, 2023 2:00 PM",134,74,60,41,28,13,21,15,6,,,,211,112,99,,,,86,37,49,,,
"May 9, 2023 3:00 PM",116,55,61,42,11,31,21,12,9,,,,145,65,80,,,,122,34,88,,,
"May 9, 2023 4:00 PM",107,59,48,42,26,16,28,12,16,,,,156,68,88,,,,97,48,49,,,
"May 9, 2023 5:00 PM",124,66,58,57,39,18,31,18,13,,,,184,76,108,,,,85,37,48,,,
"May 9, 2023 6:00 PM",86,54,32,43,29,14,30,21,9,,,,133,64,69,,,,96,49,47,,,
"May 9, 2023 7:00 PM",149,73,76,54,32,22,45,21,24,,,,194,99,95,,,,76,42,34,,,
"May 9, 2023 8:00 PM",206,128,78,48,24,24,41,20,21,,,,236,122,114,,,,68,25,43,,,
"May 9, 2023 9:00 PM",118,65,53,39,9,30,27,10,17,,,,101,62,39,,,,24,6,18,,,
"May 9, 2023 10:00 PM",33,25,8,10,4,6,7,2,5,,,,124,44,80,,,,25,13,12,,,
"May 9, 2023 11:00 PM",8,7,1,4,1,3,7,1,6,,,,112,44,68,,,,13,8,5,,,
"May 10, 2023 12:00 AM",0,0,0,1,1,0,2,2,0,,,,133,68,65,,,,5,3,2,,,
"May 10, 2023 1:00 AM",0,0,0,0,0,0,0,0,0,,,,127,109,18,,,,8,7,1,,,
"May 10, 2023 2:00 AM",0,0,0,0,0,0,0,0,0,,,,32,19,13,,,,3,2,1,,,
"May 10, 2023 3:00 AM",0,0,0,0,0,0,0,0,0,,,,5,0,5,,,,0,0,0,,,
"May 10, 2023 4:00 AM",0,0,0,1,1,0,0,0,0,,,,2,1,1,,,,1,0,1,,,
"May 10, 2023 5:00 AM",8,3,5,4,2,2,3,2,1,,,,7,3,4,,,,5,3,2,,,
"May 10, 2023 6:00 AM",68,33,35,11,4,7,18,15,3,,,,56,32,24,,,,6,1,5,,,
"May 10, 2023 7:00 AM",59,30,29,22,10,12,21,8,13,,,,121,78,43,,,,38,16,22,,,
"May 10, 2023 8:00 AM",83,40,43,53,17,36,16,9,7,,,,232,82,150,,,,136,89,47,,,
"May 10, 2023 9:00 AM",119,66,53,34,18,16,22,15,7,,,,77,26,51,,,,81,45,36,,,
"May 10, 2023 10:00 AM",126,70,56,39,19,20,20,13,7,,,,85,37,48,,,,45,32,13,,,
"May 10, 2023 11:00 AM",94,55,39,22,11,11,6,3,3,,,,84,31,53,,,,37,14,23,,,
"May 10, 2023 12:00 PM",108,65,43,39,15,24,32,19,13,,,,87,40,47,,,,127,23,104,,,
"May 10, 2023 1:00 PM",108,65,43,38,23,15,31,18,13,,,,198,74,124,,,,70,21,49,,,
"May 10, 2023 2:00 PM",84,51,33,18,9,9,20,11,9,,,,114,62,52,,,,104,25,79,,,
"May 10, 2023 3:00 PM",108,61,47,30,20,10,22,12,10,,,,154,65,89,,,,60,27,33,,,
"May 10, 2023 4:00 PM",124,64,60,34,19,15,35,18,17,,,,250,96,154,,,,83,31,52,,,
"May 10, 2023 5:00 PM",82,41,41,48,29,19,55,35,20,,,,263,94,169,,,,58,31,27,,,
"May 10, 2023 6:00 PM",160,102,58,40,23,17,43,26,17,,,,153,87,66,,,,99,53,46,,,
"May 10, 2023 7:00 PM",143,87,56,40,22,18,29,18,11,,,,160,72,88,,,,60,20,40,,,
"May 10, 2023 8:00 PM",86,44,42,24,12,12,18,7,11,,,,116,39,77,,,,36,15,21,,,
"May 10, 2023 9:00 PM",61,29,32,9,3,6,12,4,8,,,,146,38,108,,,,27,14,13,,,
"May 10, 2023 10:00 PM",34,15,19,14,5,9,11,7,4,,,,72,25,47,,,,23,9,14,,,
"May 10, 2023 11:00 PM",15,7,8,3,1,2,8,5,3,,,,174,55,119,,,,2,2,0,,,
"May 11, 2023 12:00 AM",1,1,0,0,0,0,1,0,1,,,,39,15,24,,,,6,4,2,,,
"May 11, 2023 1:00 AM",0,0,0,0,0,0,1,0,1,,,,65,48,17,,,,1,0,1,,,
"May 11, 2023 2:00 AM",0,0,0,0,0,0,0,0,0,,,,0,0,0,,,,3,3,0,,,
"May 11, 2023 3:00 AM",0,0,0,0,0,0,0,0,0,,,,1,0,1,,,,0,0,0,,,
"May 11, 2023 4:00 AM",0,0,0,1,1,0,0,0,0,,,,0,0,0,,,,1,1,0,,,
"May 11, 2023 5:00 AM",5,1,4,3,3,0,0,0,0,,,,3,2,1,,,,6,4,2,,,
"May 11, 2023 6:00 AM",36,20,16,10,5,5,9,3,6,,,,28,19,9,,,,13,5,8,,,
"May 11, 2023 7:00 AM",56,30,26,24,8,16,17,12,5,,,,100,51,49,,,,46,19,27,,,
"May 11, 2023 8:00 AM",76,44,32,28,15,13,17,10,7,,,,152,73,79,,,,137,96,41,,,
"May 11, 2023 9:00 AM",109,57,52,31,7,24,35,15,20,,,,70,33,37,,,,49,23,26,,,
"May 11, 2023 10:00 AM",72,42,30,18,10,8,21,10,11,,,,71,35,36,,,,38,21,17,,,
"May 11, 2023 11:00 AM",79,43,36,19,6,13,8,3,5,,,,47,24,23,,,,33,17,16,,,
"May 11, 2023 12:00 PM",53,31,22,21,14,7,16,10,6,,,,54,19,35,,,,36,16,20,,,
"May 11, 2023 1:00 PM",47,25,22,13,9,4,20,9,11,,,,33,20,13,,,,36,16,20,,,
"May 11, 2023 2:00 PM",33,12,21,7,5,2,8,6,2,,,,26,12,14,,,,43,12,31,,,
"May 11, 2023 3:00 PM",44,19,25,15,11,4,12,5,7,,,,33,16,17,,,,68,11,57,,,
"May 11, 2023 4:00 PM",85,37,48,44,32,12,32,26,6,,,,117,58,59,,,,65,28,37,,,
"May 11, 2023 5:00 PM",154,82,72,50,29,21,72,42,30,,,,177,109,68,,,,89,43,46,,,
"May 11, 2023 6:00 PM",200,121,79,68,38,30,57,31,26,,,,214,115,99,,,,111,62,49,,,
"May 11, 2023 7:00 PM",235,136,99,67,31,36,45,19,26,,,,203,93,110,,,,97,51,46,,,
"May 11, 2023 8:00 PM",199,108,91,52,28,24,44,24,20,,,,258,138,120,,,,45,21,24,,,
"May 11, 2023 9:00 PM",103,58,45,22,12,10,26,13,13,,,,306,123,183,,,,47,16,31,,,
"May 11, 2023 10:00 PM",33,24,9,7,2,5,10,5,5,,,,58,21,37,,,,23,11,12,,,
"May 11, 2023 11:00 PM",7,5,2,4,3,1,5,2,3,,,,212,49,163,,,,8,4,4,,,
"May 12, 2023 12:00 AM",1,1,0,5,5,0,6,3,3,,,,44,13,31,,,,7,5,2,,,
"May 12, 2023 1:00 AM",1,1,0,0,0,0,1,0,1,,,,6,2,4,,,,2,1,1,,,
"May 12, 2023 2:00 AM",0,0,0,0,0,0,0,0,0,,,,1,0,1,,,,1,0,1,,,
"May 12, 2023 3:00 AM",0,0,0,0,0,0,0,0,0,,,,2,0,2,,,,0,0,0,,,
"May 12, 2023 4:00 AM",0,0,0,2,2,0,0,0,0,,,,2,1,1,,,,1,0,1,,,
"May 12, 2023 5:00 AM",16,6,10,2,1,1,5,5,0,,,,17,12,5,,,,5,3,2,,,
"May 12, 2023 6:00 AM",51,29,22,17,8,9,10,7,3,,,,49,28,21,,,,14,9,5,,,
"May 12, 2023 7:00 AM",74,40,34,26,15,11,20,5,15,,,,82,39,43,,,,44,23,21,,,
"May 12, 2023 8:00 AM",106,59,47,56,24,32,27,17,10,,,,311,170,141,,,,113,75,38,,,
"May 12, 2023 9:00 AM",84,43,41,43,20,23,32,10,22,,,,166,98,68,,,,43,16,27,,,
"May 12, 2023 10:00 AM",119,62,57,27,15,12,32,19,13,,,,166,90,76,,,,35,16,19,,,
"May 12, 2023 11:00 AM",128,79,49,26,18,8,25,9,16,,,,89,49,40,,,,40,15,25,,,
"May 12, 2023 12:00 PM",135,78,57,45,20,25,34,17,17,,,,252,103,149,,,,54,16,38,,,
"May 12, 2023 1:00 PM",138,76,62,52,30,22,48,32,16,,,,400,158,242,,,,111,29,82,,,
"May 12, 2023 2:00 PM",153,83,70,29,14,15,43,24,19,,,,298,142,156,,,,79,24,55,,,
"May 12, 2023 3:00 PM",151,89,62,24,12,12,30,20,10,,,,238,103,135,,,,91,39,52,,,
"May 12, 2023 4:00 PM",174,102,72,73,33,40,48,27,21,,,,286,151,135,,,,83,54,29,,,
"May 12, 2023 5:00 PM",242,116,126,107,78,29,63,28,35,,,,188,98,90,,,,83,41,42,,,
"May 12, 2023 6:00 PM",279,148,131,93,58,35,73,35,38,,,,256,136,120,,,,85,40,45,,,
"May 12, 2023 7:00 PM",294,183,111,117,42,75,75,53,22,,,,153,82,71,,,,78,36,42,,,
"May 12, 2023 8:00 PM",237,130,107,73,28,45,47,21,26,,,,78,39,39,,,,55,28,27,,,
"May 12, 2023 9:00 PM",163,78,85,28,10,18,28,7,21,,,,64,31,33,,,,43,25,18,,,
"May 12, 2023 10:00 PM",40,20,20,18,4,14,19,11,8,,,,89,50,39,,,,35,17,18,,,
"May 12, 2023 11:00 PM",19,15,4,2,1,1,1,0,1,,,,109,50,59,,,,16,6,10,,,
"May 13, 2023 12:00 AM",1,1,0,0,0,0,5,4,1,,,,71,25,46,,,,6,2,4,,,
"May 13, 2023 1:00 AM",4,4,0,0,0,0,1,0,1,,,,7,3,4,,,,12,9,3,,,
"May 13, 2023 2:00 AM",1,0,1,0,0,0,0,0,0,,,,37,23,14,,,,1,1,0,,,
"May 13, 2023 3:00 AM",1,1,0,1,0,1,0,0,0,,,,27,5,22,,,,5,2,3,,,
"May 13, 2023 4:00 AM",0,0,0,1,1,0,1,1,0,,,,12,3,9,,,,2,2,0,,,
"May 13, 2023 5:00 AM",7,0,7,14,9,5,3,3,0,,,,6,2,4,,,,3,2,1,,,
"May 13, 2023 6:00 AM",16,7,9,5,2,3,3,1,2,,,,6,3,3,,,,9,4,5,,,
"May 13, 2023 7:00 AM",62,28,34,15,8,7,11,10,1,,,,40,25,15,,,,18,9,9,,,
"May 13, 2023 8:00 AM",94,46,48,44,25,19,32,25,7,,,,98,40,58,,,,30,11,19,,,
"May 13, 2023 9:00 AM",129,79,50,52,31,21,47,31,16,,,,132,61,71,,,,34,15,19,,,
"May 13, 2023 10:00 AM",203,120,83,60,30,30,51,22,29,,,,83,51,32,,,,40,23,17,,,
"May 13, 2023 11:00 AM",214,123,91,73,46,27,36,17,19,,,,171,96,75,,,,69,36,33,,,
"May 13, 2023 12:00 PM",228,134,94,76,32,44,55,32,23,,,,156,69,87,,,,68,39,29,,,
"May 13, 2023 1:00 PM",256,123,133,52,31,21,65,32,33,,,,151,87,64,,,,67,28,39,,,
"May 13, 2023 2:00 PM",279,172,107,77,34,43,56,38,18,,,,148,88,60,,,,67,33,34,,,
"May 13, 2023 3:00 PM",322,161,161,88,50,38,42,27,15,,,,198,113,85,,,,70,36,34,,,
"May 13, 2023 4:00 PM",371,220,151,84,56,28,64,34,30,,,,163,87,76,,,,63,34,29,,,
"May 13, 2023 5:00 PM",368,174,194,152,85,67,50,29,21,,,,176,91,85,,,,56,30,26,,,
"May 13, 2023 6:00 PM",285,157,128,47,27,20,60,28,32,,,,170,66,104,,,,64,28,36,,,
"May 13, 2023 7:00 PM",211,105,106,44,22,22,52,19,33,,,,98,43,55,,,,45,18,27,,,
"May 13, 2023 8:00 PM",181,96,85,33,15,18,25,11,14,,,,86,35,51,,,,54,20,34,,,
"May 13, 2023 9:00 PM",110,72,38,21,7,14,43,27,16,,,,56,23,33,,,,38,21,17,,,
"May 13, 2023 10:00 PM",29,19,10,18,2,16,32,19,13,,,,84,52,32,,,,39,20,19,,,
"May 13, 2023 11:00 PM",8,5,3,3,2,1,5,1,4,,,,105,34,71,,,,18,10,8,,,
"May 14, 2023 12:00 AM",1,1,0,0,0,0,5,1,4,,,,71,20,51,,,,17,11,6,,,
"May 14, 2023 1:00 AM",4,0,4,2,1,1,2,1,1,,,,3,1,2,,,,17,9,8,,,
"May 14, 2023 2:00 AM",0,0,0,1,1,0,9,3,6,,,,3,1,2,,,,7,4,3,,,
"May 14, 2023 3:00 AM",0,0,0,0,0,0,0,0,0,,,,3,1,2,,,,1,0,1,,,
"May 14, 2023 4:00 AM",3,1,2,0,0,0,0,0,0,,,,7,1,6,,,,5,3,2,,,
"May 14, 2023 5:00 AM",2,1,1,0,0,0,4,2,2,,,,7,1,6,,,,4,2,2,,,
"May 14, 2023 6:00 AM",6,2,4,8,2,6,4,3,1,,,,3,2,1,,,,2,0,2,,,
"May 14, 2023 7:00 AM",24,11,13,11,11,0,7,6,1,,,,22,10,12,,,,9,7,2,,,
"May 14, 2023 8:00 AM",56,31,25,23,14,9,24,13,11,,,,42,25,17,,,,8,3,5,,,
"May 14, 2023 9:00 AM",130,64,66,46,25,21,32,22,10,,,,165,97,68,,,,31,20,11,,,
"May 14, 2023 10:00 AM",225,135,90,57,34,23,57,27,30,,,,149,82,67,,,,56,25,31,,,
"May 14, 2023 11:00 AM",378,206,172,84,46,38,87,57,30,,,,175,99,76,,,,63,27,36,,,
"May 14, 2023 12:00 PM",372,213,159,56,27,29,58,38,20,,,,175,93,82,,,,61,23,38,,,
"May 14, 2023 1:00 PM",217,119,98,42,22,20,46,30,16,,,,142,57,85,,,,53,23,30,,,
"May 14, 2023 2:00 PM",306,179,127,47,28,19,51,31,20,,,,181,79,102,,,,44,20,24,,,
"May 14, 2023 3:00 PM",364,180,184,60,33,27,44,31,13,,,,147,63,84,,,,41,21,20,,,
"May 14, 2023 4:00 PM",341,176,165,75,39,36,57,27,30,,,,358,134,224,,,,66,31,35,,,
"May 14, 2023 5:00 PM",255,159,96,60,37,23,50,21,29,,,,336,131,205,,,,39,15,24,,,
"May 14, 2023 6:00 PM",160,100,60,40,26,14,39,20,19,,,,157,75,82,,,,36,14,22,,,
"May 14, 2023 7:00 PM",134,86,48,34,17,17,30,17,13,,,,169,106,63,,,,51,23,28,,,
"May 14, 2023 8:00 PM",118,68,50,24,12,12,38,16,22,,,,196,83,113,,,,36,22,14,,,
"May 14, 2023 9:00 PM",70,40,30,21,8,13,26,14,12,,,,166,62,104,,,,44,23,21,,,
"May 14, 2023 10:00 PM",17,10,7,8,4,4,9,8,1,,,,204,84,120,,,,20,5,15,,,
"May 14, 2023 11:00 PM",5,3,2,6,2,4,5,0,5,,,,181,78,103,,,,7,4,3,,,
"May 15, 2023 12:00 AM",0,0,0,0,0,0,0,0,0,,,,20,6,14,,,,8,7,1,,,
"May 15, 2023 1:00 AM",2,0,2,0,0,0,0,0,0,,,,7,2,5,,,,0,0,0,,,
"May 15, 2023 2:00 AM",0,0,0,0,0,0,0,0,0,,,,10,2,8,,,,0,0,0,,,
"May 15, 2023 3:00 AM",0,0,0,0,0,0,0,0,0,,,,0,0,0,,,,0,0,0,,,
"May 15, 2023 4:00 AM",0,0,0,1,1,0,0,0,0,,,,5,3,2,,,,1,0,1,,,
"May 15, 2023 5:00 AM",14,5,9,2,2,0,2,2,0,,,,2,2,0,,,,3,1,2,,,
"May 15, 2023 6:00 AM",48,25,23,20,10,10,22,14,8,,,,51,28,23,,,,13,8,5,,,
"May 15, 2023 7:00 AM",69,31,38,22,8,14,18,9,9,,,,140,65,75,,,,40,16,24,,,
"May 15, 2023 8:00 AM",86,47,39,39,14,25,31,15,16,,,,233,102,131,,,,141,86,55,,,
"May 15, 2023 9:00 AM",97,52,45,36,20,16,28,18,10,,,,134,65,69,,,,47,23,24,,,
"May 15, 2023 10:00 AM",122,61,61,48,33,15,49,32,17,,,,98,53,45,,,,35,19,16,,,
"May 15, 2023 11:00 AM",156,91,65,41,24,17,38,20,18,,,,144,75,69,,,,45,17,28,,,
"May 15, 2023 12:00 PM",128,78,50,42,24,18,34,15,19,,,,167,97,70,,,,38,13,25,,,
"May 15, 2023 1:00 PM",158,67,91,48,31,17,24,13,11,,,,151,97,54,,,,78,34,44,,,
"May 15, 2023 2:00 PM",111,70,41,43,20,23,30,15,15,,,,145,77,68,,,,83,36,47,,,
"May 15, 2023 3:00 PM",129,53,76,41,17,24,30,16,14,,,,208,70,138,,,,105,25,80,,,
"May 15, 2023 4:00 PM",121,56,65,44,27,17,24,11,13,,,,280,146,134,,,,97,35,62,,,
"May 15, 2023 5:00 PM",150,84,66,50,30,20,44,22,22,,,,271,131,140,,,,69,37,32,,,
"May 15, 2023 6:00 PM",165,94,71,48,30,18,27,17,10,,,,172,81,91,,,,98,41,57,,,
"May 15, 2023 7:00 PM",161,82,79,59,37,22,41,21,20,,,,227,89,138,,,,68,32,36,,,
"May 15, 2023 8:00 PM",219,133,86,53,21,32,50,19,31,,,,147,72,75,,,,39,19,20,,,
"May 15, 2023 9:00 PM",108,56,52,34,16,18,30,10,20,,,,369,154,215,,,,29,16,13,,,
"May 15, 2023 10:00 PM",35,22,13,13,2,11,8,1,7,,,,112,66,46,,,,13,5,8,,,
"May 15, 2023 11:00 PM",6,3,3,0,0,0,3,1,2,,,,233,150,83,,,,9,7,2,,,
"May 16, 2023 12:00 AM",0,0,0,0,0,0,1,1,0,,,,29,10,19,,,,2,2,0,,,
"May 16, 2023 1:00 AM",0,0,0,0,0,0,0,0,0,,,,4,4,0,,,,3,1,2,,,
"May 16, 2023 2:00 AM",0,0,0,0,0,0,0,0,0,,,,0,0,0,,,,0,0,0,,,
"May 16, 2023 3:00 AM",0,0,0,0,0,0,0,0,0,,,,10,9,1,,,,0,0,0,,,
"May 16, 2023 4:00 AM",0,0,0,1,1,0,0,0,0,,,,0,0,0,,,,2,2,0,,,
"May 16, 2023 5:00 AM",12,4,8,4,1,3,2,1,1,,,,6,4,2,,,,4,2,2,,,
"May 16, 2023 6:00 AM",52,22,30,6,1,5,12,7,5,,,,76,47,29,,,,14,8,6,,,
"May 16, 2023 7:00 AM",79,47,32,36,15,21,23,12,11,,,,296,111,185,,,,53,19,34,,,
"May 16, 2023 8:00 AM",101,44,57,37,15,22,28,14,14,,,,403,125,278,,,,139,101,38,,,
"May 16, 2023 9:00 AM",134,75,59,53,34,19,24,13,11,,,,148,73,75,,,,61,19,42,,,
"May 16, 2023 10:00 AM",143,71,72,47,27,20,27,18,9,,,,163,75,88,,,,37,23,14,,,
"May 16, 2023 11:00 AM",183,108,75,44,31,13,28,15,13,,,,134,71,63,,,,49,22,27,,,
"May 16, 2023 12:00 PM",203,117,86,39,16,23,22,12,10,,,,203,98,105,,,,47,20,27,,,
"May 16, 2023 1:00 PM",219,118,101,43,18,25,41,22,19,,,,220,122,98,,,,90,39,51,,,
"May 16, 2023 2:00 PM",154,74,80,45,34,11,32,12,20,,,,512,257,255,,,,88,36,52,,,
"May 16, 2023 3:00 PM",140,81,59,31,15,16,34,19,15,,,,623,240,383,,,,103,29,74,,,
"May 16, 2023 4:00 PM",132,71,61,33,22,11,21,13,8,,,,378,152,226,,,,73,39,34,,,
"May 16, 2023 5:00 PM",133,67,66,57,41,16,39,23,16,,,,549,202,347,,,,99,50,49,,,
"May 16, 2023 6:00 PM",132,74,58,50,30,20,42,24,18,,,,516,241,275,,,,81,44,37,,,
"May 16, 2023 7:00 PM",211,120,91,60,28,32,59,24,35,,,,380,183,197,,,,76,34,42,,,
"May 16, 2023 8:00 PM",193,107,86,59,32,27,45,19,26,,,,393,134,259,,,,43,15,28,,,
"May 16, 2023 9:00 PM",128,87,41,22,6,16,31,11,20,,,,141,78,63,,,,48,24,24,,,
"May 16, 2023 10:00 PM",32,17,15,17,9,8,13,8,5,,,,329,217,112,,,,17,5,12,,,
"May 16, 2023 11:00 PM",8,4,4,2,1,1,6,0,6,,,,440,235,205,,,,5,3,2,,,
"May 17, 2023 12:00 AM",0,0,0,0,0,0,3,0,3,,,,443,201,242,,,,7,5,2,,,
"May 17, 2023 1:00 AM",1,1,0,2,1,1,0,0,0,,,,220,181,39,,,,1,1,0,,,
"May 17, 2023 2:00 AM",0,0,0,0,0,0,0,0,0,,,,10,10,0,,,,5,1,4,,,
"May 17, 2023 3:00 AM",0,0,0,1,1,0,0,0,0,,,,2,2,0,,,,0,0,0,,,
"May 17, 2023 4:00 AM",0,0,0,1,1,0,0,0,0,,,,3,1,2,,,,1,1,0,,,
"May 17, 2023 5:00 AM",12,4,8,5,1,4,3,3,0,,,,5,4,1,,,,3,2,1,,,
"May 17, 2023 6:00 AM",60,30,30,15,7,8,16,9,7,,,,87,29,58,,,,10,7,3,,,
"May 17, 2023 7:00 AM",65,38,27,20,10,10,23,8,15,,,,290,124,166,,,,48,23,25,,,
"May 17, 2023 8:00 AM",82,44,38,38,15,23,30,11,19,,,,274,122,152,,,,159,102,57,,,
"May 17, 2023 9:00 AM",113,57,56,39,27,12,29,13,16,,,,341,182,159,,,,53,23,30,,,
"May 17, 2023 10:00 AM",137,78,59,26,12,14,44,30,14,,,,227,103,124,,,,46,23,23,,,
"May 17, 2023 11:00 AM",172,105,67,58,30,28,27,15,12,,,,110,48,62,,,,53,27,26,,,
"May 17, 2023 12:00 PM",163,93,70,39,21,18,33,19,14,,,,149,65,84,,,,56,28,28,,,
"May 17, 2023 1:00 PM",155,76,79,60,35,25,50,34,16,,,,289,127,162,,,,75,39,36,,,
"May 17, 2023 2:00 PM",117,65,52,27,17,10,38,14,24,,,,243,133,110,,,,95,41,54,,,
"May 17, 2023 3:00 PM",137,75,62,33,17,16,35,21,14,,,,180,84,96,,,,127,38,89,,,
"May 17, 2023 4:00 PM",149,83,66,48,24,24,23,12,11,,,,249,101,148,,,,72,29,43,,,
"May 17, 2023 5:00 PM",173,85,88,73,44,29,51,27,24,,,,262,142,120,,,,92,51,41,,,
"May 17, 2023 6:00 PM",236,124,112,66,46,20,58,32,26,,,,240,131,109,,,,93,44,49,,,
"May 17, 2023 7:00 PM",252,144,108,67,37,30,51,26,25,,,,378,162,216,,,,79,41,38,,,
"May 17, 2023 8:00 PM",196,109,87,51,22,29,48,20,28,,,,324,135,189,,,,60,23,37,,,
"May 17, 2023 9:00 PM",134,79,55,32,14,18,27,10,17,,,,411,134,277,,,,38,14,24,,,
"May 17, 2023 10:00 PM",39,21,18,10,3,7,11,6,5,,,,247,162,85,,,,28,14,14,,,
"May 17, 2023 11:00 PM",7,4,3,2,0,2,4,1,3,,,,352,206,146,,,,15,5,10,,,
"May 18, 2023 12:00 AM",0,0,0,0,0,0,0,0,0,,,,144,93,51,,,,9,5,4,,,
"May 18, 2023 1:00 AM",0,0,0,0,0,0,0,0,0,,,,5,1,4,,,,2,2,0,,,
"May 18, 2023 2:00 AM",0,0,0,0,0,0,0,0,0,,,,3,0,3,,,,1,0,1,,,
"May 18, 2023 3:00 AM",0,0,0,0,0,0,0,0,0,,,,0,0,0,,,,1,0,1,,,
"May 18, 2023 4:00 AM",0,0,0,1,1,0,0,0,0,,,,0,0,0,,,,2,2,0,,,
"May 18, 2023 5:00 AM",9,2,7,9,1,8,1,0,1,,,,3,3,0,,,,7,3,4,,,
"May 18, 2023 6:00 AM",46,24,22,15,10,5,19,15,4,,,,57,28,29,,,,13,5,8,,,
"May 18, 2023 7:00 AM",74,34,40,29,11,18,25,10,15,,,,291,102,189,,,,48,25,23,,,
"May 18, 2023 8:00 AM",95,53,42,31,9,22,29,16,13,,,,352,143,209,,,,119,80,39,,,
"May 18, 2023 9:00 AM",107,56,51,50,20,30,17,7,10,,,,150,84,66,,,,51,16,35,,,
"May 18, 2023 10:00 AM",128,64,64,43,24,19,20,12,8,,,,131,66,65,,,,38,19,19,,,
"May 18, 2023 11:00 AM",136,71,65,44,23,21,39,24,15,,,,115,48,67,,,,57,30,27,,,
"May 18, 2023 12:00 PM",129,81,48,43,20,23,29,15,14,,,,109,72,37,,,,66,33,33,,,
"May 18, 2023 1:00 PM",158,94,64,58,30,28,33,21,12,,,,226,128,98,,,,87,39,48,,,
"May 18, 2023 2:00 PM",142,77,65,16,10,6,21,11,10,,,,181,102,79,,,,73,31,42,,,
"May 18, 2023 3:00 PM",175,92,83,37,26,11,28,15,13,,,,219,71,148,,,,121,43,78,,,
"May 18, 2023 4:00 PM",148,75,73,52,31,21,37,27,10,,,,191,74,117,,,,107,56,51,,,
"May 18, 2023 5:00 PM",111,57,54,29,15,14,49,31,18,,,,173,75,98,,,,100,50,50,,,
"May 18, 2023 6:00 PM",164,86,78,54,33,21,42,27,15,,,,193,91,102,,,,87,41,46,,,
"May 18, 2023 7:00 PM",177,109,68,80,59,21,38,28,10,,,,371,147,224,,,,88,41,47,,,
"May 18, 2023 8:00 PM",161,85,76,84,26,58,42,27,15,,,,222,81,141,,,,46,27,19,,,
"May 18, 2023 9:00 PM",100,61,39,49,27,22,36,15,21,,,,320,96,224,,,,41,8,33,,,
"May 18, 2023 10:00 PM",26,16,10,12,5,7,20,3,17,,,,223,136,87,,,,18,3,15,,,
"May 18, 2023 11:00 PM",13,9,4,7,2,5,5,3,2,,,,58,30,28,,,,11,10,1,,,
"May 19, 2023 12:00 AM",0,0,0,0,0,0,1,0,1,,,,43,15,28,,,,8,7,1,,,
"May 19, 2023 1:00 AM",2,1,1,0,0,0,0,0,0,,,,3,1,2,,,,5,3,2,,,
"May 19, 2023 2:00 AM",1,1,0,0,0,0,0,0,0,,,,0,0,0,,,,0,0,0,,,
"May 19, 2023 3:00 AM",0,0,0,0,0,0,0,0,0,,,,4,0,4,,,,0,0,0,,,
"May 19, 2023 4:00 AM",1,1,0,1,1,0,0,0,0,,,,1,1,0,,,,1,1,0,,,
"May 19, 2023 5:00 AM",15,3,12,3,1,2,0,0,0,,,,2,0,2,,,,6,2,4,,,
"May 19, 2023 6:00 AM",47,21,26,18,10,8,8,5,3,,,,32,19,13,,,,11,7,4,,,
"May 19, 2023 7:00 AM",78,35,43,28,12,16,24,13,11,,,,153,53,100,,,,36,14,22,,,
"May 19, 2023 8:00 AM",82,44,38,24,11,13,30,20,10,,,,282,123,159,,,,125,86,39,,,
"May 19, 2023 9:00 AM",94,50,44,41,29,12,28,18,10,,,,155,72,83,,,,66,35,31,,,
"May 19, 2023 10:00 AM",133,67,66,45,26,19,39,22,17,,,,147,74,73,,,,51,21,30,,,
"May 19, 2023 11:00 AM",136,69,67,45,25,20,34,26,8,,,,61,36,25,,,,48,24,24,,,
"May 19, 2023 12:00 PM",140,76,64,71,36,35,32,12,20,,,,133,74,59,,,,72,20,52,,,
"May 19, 2023 1:00 PM",142,85,57,53,26,27,46,30,16,,,,257,144,113,,,,84,25,59,,,
"May 19, 2023 2:00 PM",116,60,56,40,23,17,30,6,24,,,,299,154,145,,,,88,40,48,,,
"May 19, 2023 3:00 PM",167,90,77,56,24,32,23,11,12,,,,280,171,109,,,,59,24,35,,,
"May 19, 2023 4:00 PM",170,87,83,42,20,22,26,15,11,,,,223,92,131,,,,68,36,32,,,
"May 19, 2023 5:00 PM",146,79,67,34,25,9,39,19,20,,,,152,65,87,,,,68,32,36,,,
"May 19, 2023 6:00 PM",136,79,57,51,29,22,39,21,18,,,,149,57,92,,,,69,31,38,,,
"May 19, 2023 7:00 PM",146,79,67,41,23,18,38,13,25,,,,166,57,109,,,,56,30,26,,,
"May 19, 2023 8:00 PM",149,75,74,23,14,9,48,23,25,,,,96,55,41,,,,45,23,22,,,
"May 19, 2023 9:00 PM",92,42,50,29,17,12,20,9,11,,,,132,83,49,,,,40,15,25,,,
"May 19, 2023 10:00 PM",43,27,16,23,17,6,20,7,13,,,,186,64,122,,,,27,14,13,,,
"May 19, 2023 11:00 PM",11,8,3,3,0,3,7,2,5,,,,75,42,33,,,,15,7,8,,,
"May 20, 2023 12:00 AM",0,0,0,1,0,1,3,0,3,,,,36,24,12,,,,14,6,8,,,
"May 20, 2023 1:00 AM",0,0,0,0,0,0,0,0,0,,,,10,5,5,,,,17,14,3,,,
"May 20, 2023 2:00 AM",1,1,0,0,0,0,1,0,1,,,,1,0,1,,,,8,4,4,,,
"May 20, 2023 3:00 AM",0,0,0,0,0,0,2,1,1,,,,20,3,17,,,,5,1,4,,,
"May 20, 2023 4:00 AM",1,0,1,0,0,0,0,0,0,,,,2,1,1,,,,18,5,13,,,
"May 20, 2023 5:00 AM",4,2,2,2,2,0,2,2,0,,,,2,1,1,,,,11,5,6,,,
"May 20, 2023 6:00 AM",42,22,20,4,2,2,8,5,3,,,,2,1,1,,,,6,1,5,,,
"May 20, 2023 7:00 AM",64,25,39,9,5,4,15,8,7,,,,39,17,22,,,,11,4,7,,,
"May 20, 2023 8:00 AM",117,72,45,38,16,22,32,14,18,,,,72,38,34,,,,23,7,16,,,
"May 20, 2023 9:00 AM",105,54,51,63,24,39,40,21,19,,,,105,56,49,,,,43,20,23,,,
"May 20, 2023 10:00 AM",191,101,90,70,40,30,44,19,25,,,,169,97,72,,,,51,24,27,,,
"May 20, 2023 11:00 AM",278,159,119,68,36,32,59,33,26,,,,155,85,70,,,,59,28,31,,,
"May 20, 2023 12:00 PM",231,144,87,59,35,24,69,34,35,,,,164,76,88,,,,68,31,37,,,
"May 20, 2023 1:00 PM",223,127,96,85,39,46,49,26,23,,,,122,52,70,,,,86,45,41,,,
"May 20, 2023 2:00 PM",240,133,107,74,34,40,56,32,24,,,,164,82,82,,,,57,28,29,,,
"May 20, 2023 3:00 PM",287,158,129,90,46,44,66,30,36,,,,156,75,81,,,,69,34,35,,,
"May 20, 2023 4:00 PM",254,142,112,44,24,20,38,18,20,,,,162,76,86,,,,64,25,39,,,
"May 20, 2023 5:00 PM",162,85,77,54,33,21,30,11,19,,,,87,44,43,,,,45,21,24,,,
"May 20, 2023 6:00 PM",141,91,50,32,13,19,34,14,20,,,,94,43,51,,,,59,27,32,,,
"May 20, 2023 7:00 PM",148,77,71,39,24,15,37,17,20,,,,117,61,56,,,,71,34,37,,,
"May 20, 2023 8:00 PM",158,97,61,32,11,21,36,17,19,,,,137,36,101,,,,53,35,18,,,
"May 20, 2023 9:00 PM",89,60,29,28,15,13,24,11,13,,,,82,34,48,,,,66,23,43,,,
"May 20, 2023 10:00 PM",57,26,31,17,9,8,21,13,8,,,,117,42,75,,,,21,9,12,,,
"May 20, 2023 11:00 PM",15,11,4,2,1,1,11,4,7,,,,132,79,53,,,,11,11,0,,,
"May 21, 2023 12:00 AM",0,0,0,2,0,2,3,1,2,,,,30,11,19,,,,10,7,3,,,
"May 21, 2023 1:00 AM",0,0,0,3,0,3,2,0,2,,,,0,0,0,,,,7,5,2,,,
"May 21, 2023 2:00 AM",1,1,0,0,0,0,0,0,0,,,,3,3,0,,,,7,4,3,,,
"May 21, 2023 3:00 AM",2,0,2,0,0,0,0,0,0,,,,0,0,0,,,,1,1,0,,,
"May 21, 2023 4:00 AM",1,0,1,0,0,0,0,0,0,,,,2,1,1,,,,6,4,2,,,
"May 21, 2023 5:00 AM",2,1,1,4,2,2,2,1,1,,,,5,2,3,,,,1,1,0,,,
"May 21, 2023 6:00 AM",13,2,11,0,0,0,2,1,1,,,,9,6,3,,,,5,1,4,,,
"May 21, 2023 7:00 AM",50,30,20,14,13,1,14,11,3,,,,17,7,10,,,,13,5,8,,,
"May 21, 2023 8:00 AM",79,43,36,29,15,14,24,14,10,,,,51,28,23,,,,15,8,7,,,
"May 21, 2023 9:00 AM",143,80,63,64,42,22,40,22,18,,,,102,49,53,,,,43,25,18,,,
"May 21, 2023 10:00 AM",250,132,118,61,41,20,48,23,25,,,,174,95,79,,,,52,26,26,,,
"May 21, 2023 11:00 AM",377,222,155,105,47,58,63,24,39,,,,158,87,71,,,,62,28,34,,,
"May 21, 2023 12:00 PM",561,312,249,154,71,83,61,36,25,,,,184,99,85,,,,76,29,47,,,
"May 21, 2023 1:00 PM",528,293,235,108,49,59,69,35,34,,,,135,72,63,,,,56,29,27,,,
"May 21, 2023 2:00 PM",676,364,312,90,49,41,109,54,55,,,,175,97,78,,,,52,25,27,,,
"May 21, 2023 3:00 PM",656,370,286,119,69,50,77,41,36,,,,209,112,97,,,,76,34,42,,,
"May 21, 2023 4:00 PM",620,338,282,124,56,68,73,26,47,,,,192,111,81,,,,70,37,33,,,
"May 21, 2023 5:00 PM",503,279,224,75,38,37,50,27,23,,,,114,55,59,,,,62,29,33,,,
"May 21, 2023 6:00 PM",257,119,138,59,26,33,50,22,28,,,,116,61,55,,,,46,22,24,,,
"May 21, 2023 7:00 PM",180,100,80,49,30,19,38,20,18,,,,98,52,46,,,,50,29,21,,,
"May 21, 2023 8:00 PM",144,81,63,21,6,15,33,13,20,,,,70,42,28,,,,43,23,20,,,
"May 21, 2023 9:00 PM",75,38,37,15,6,9,23,12,11,,,,111,68,43,,,,32,15,17,,,
"May 21, 2023 10:00 PM",31,20,11,9,4,5,15,11,4,,,,24,5,19,,,,11,6,5,,,
"May 21, 2023 11:00 PM",12,8,4,1,1,0,2,1,1,,,,13,7,6,,,,4,3,1,,,
"May 22, 2023 12:00 AM",0,0,0,0,0,0,1,1,0,,,,7,5,2,,,,4,3,1,,,
"May 22, 2023 1:00 AM",1,1,0,0,0,0,0,0,0,,,,4,4,0,,,,0,0,0,,,
"May 22, 2023 2:00 AM",0,0,0,0,0,0,0,0,0,,,,1,1,0,,,,1,1,0,,,
"May 22, 2023 3:00 AM",1,0,1,0,0,0,0,0,0,,,,0,0,0,,,,2,0,2,,,
"May 22, 2023 4:00 AM",0,0,0,3,1,2,0,0,0,,,,0,0,0,,,,1,0,1,,,
"May 22, 2023 5:00 AM",9,3,6,5,2,3,0,0,0,,,,4,2,2,,,,2,0,2,,,
"May 22, 2023 6:00 AM",41,17,24,6,2,4,17,13,4,,,,35,15,20,,,,14,9,5,,,
"May 22, 2023 7:00 AM",73,38,35,25,12,13,24,10,14,,,,110,53,57,,,,33,18,15,,,
"May 22, 2023 8:00 AM",94,50,44,36,15,21,17,7,10,,,,231,97,134,,,,113,80,33,,,
"May 22, 2023 9:00 AM",115,61,54,28,14,14,57,22,35,,,,76,34,42,,,,54,30,24,,,
"May 22, 2023 10:00 AM",131,70,61,37,18,19,23,7,16,,,,71,46,25,,,,39,19,20,,,
"May 22, 2023 11:00 AM",152,99,53,49,31,18,32,18,14,,,,80,40,40,,,,56,20,36,,,
"May 22, 2023 12:00 PM",152,73,79,61,29,32,60,41,19,,,,103,62,41,,,,46,21,25,,,
"May 22, 2023 1:00 PM",167,92,75,59,25,34,51,26,25,,,,150,105,45,,,,87,37,50,,,
"May 22, 2023 2:00 PM",159,81,78,34,21,13,36,17,19,,,,132,45,87,,,,67,29,38,,,
"May 22, 2023 3:00 PM",151,85,66,40,17,23,35,23,12,,,,151,75,76,,,,126,54,72,,,
"May 22, 2023 4:00 PM",174,93,81,50,19,31,23,17,6,,,,253,85,168,,,,80,42,38,,,
"May 22, 2023 5:00 PM",143,66,77,52,33,19,49,31,18,,,,229,118,111,,,,81,48,33,,,
"May 22, 2023 6:00 PM",176,100,76,80,46,34,43,24,19,,,,201,115,86,,,,95,45,50,,,
"May 22, 2023 7:00 PM",203,110,93,69,38,31,40,17,23,,,,115,62,53,,,,82,38,44,,,
"May 22, 2023 8:00 PM",229,136,93,60,26,34,51,19,32,,,,114,58,56,,,,63,22,41,,,
"May 22, 2023 9:00 PM",112,62,50,42,21,21,27,13,14,,,,152,56,96,,,,21,7,14,,,
"May 22, 2023 10:00 PM",50,27,23,15,6,9,11,6,5,,,,125,53,72,,,,20,6,14,,,
"May 22, 2023 11:00 PM",5,3,2,3,2,1,1,0,1,,,,69,13,56,,,,4,3,1,,,
"May 23, 2023 12:00 AM",0,0,0,1,0,1,2,1,1,,,,7,0,7,,,,3,1,2,,,
"May 23, 2023 1:00 AM",0,0,0,3,0,3,0,0,0,,,,16,12,4,,,,1,1,0,,,
"May 23, 2023 2:00 AM",0,0,0,0,0,0,0,0,0,,,,1,1,0,,,,0,0,0,,,
"May 23, 2023 3:00 AM",0,0,0,0,0,0,0,0,0,,,,0,0,0,,,,0,0,0,,,
"May 23, 2023 4:00 AM",0,0,0,1,1,0,0,0,0,,,,2,1,1,,,,4,3,1,,,
"May 23, 2023 5:00 AM",7,1,6,5,2,3,3,2,1,,,,2,1,1,,,,4,1,3,,,
"May 23, 2023 6:00 AM",50,27,23,22,12,10,18,13,5,,,,31,17,14,,,,16,11,5,,,
"May 23, 2023 7:00 AM",80,38,42,28,6,22,20,7,13,,,,334,107,227,,,,33,13,20,,,
"May 23, 2023 8:00 AM",106,46,60,24,7,17,16,9,7,,,,365,117,248,,,,130,85,45,,,
"May 23, 2023 9:00 AM",123,61,62,25,14,11,18,10,8,,,,83,46,37,,,,67,27,40,,,
"May 23, 2023 10:00 AM",140,78,62,35,23,12,29,17,12,,,,85,49,36,,,,43,20,23,,,
"May 23, 2023 11:00 AM",128,77,51,48,28,20,33,19,14,,,,74,31,43,,,,43,22,21,,,
"May 23, 2023 12:00 PM",143,71,72,49,27,22,33,11,22,,,,123,79,44,,,,69,31,38,,,
"May 23, 2023 1:00 PM",171,97,74,59,24,35,41,22,19,,,,153,79,74,,,,103,51,52,,,
"May 23, 2023 2:00 PM",152,85,67,44,24,20,27,16,11,,,,180,90,90,,,,114,54,60,,,
"May 23, 2023 3:00 PM",201,110,91,44,18,26,40,21,19,,,,171,62,109,,,,138,56,82,,,
"May 23, 2023 4:00 PM",187,100,87,40,26,14,24,14,10,,,,143,58,85,,,,84,49,35,,,
"May 23, 2023 5:00 PM",184,88,96,60,37,23,47,32,15,,,,199,95,104,,,,100,43,57,,,
"May 23, 2023 6:00 PM",198,110,88,65,39,26,54,31,23,,,,219,129,90,,,,86,52,34,,,
"May 23, 2023 7:00 PM",247,141,106,66,44,22,67,33,34,,,,215,126,89,,,,116,57,59,,,
"May 23, 2023 8:00 PM",244,148,96,71,32,39,48,25,23,,,,119,73,46,,,,57,30,27,,,
"May 23, 2023 9:00 PM",127,75,52,43,18,25,37,16,21,,,,190,68,122,,,,48,14,34,,,
"May 23, 2023 10:00 PM",56,36,20,12,1,11,16,5,11,,,,126,39,87,,,,13,6,7,,,
"May 23, 2023 11:00 PM",13,8,5,6,5,1,5,3,2,,,,76,34,42,,,,10,7,3,,,
"May 24, 2023 12:00 AM",1,0,1,0,0,0,6,6,0,,,,14,7,7,,,,7,6,1,,,
"May 24, 2023 1:00 AM",0,0,0,0,0,0,0,0,0,,,,2,2,0,,,,1,0,1,,,
"May 24, 2023 2:00 AM",1,1,0,0,0,0,0,0,0,,,,2,1,1,,,,0,0,0,,,
"May 24, 2023 3:00 AM",0,0,0,0,0,0,0,0,0,,,,1,0,1,,,,1,1,0,,,
"May 24, 2023 4:00 AM",0,0,0,1,1,0,0,0,0,,,,1,0,1,,,,4,3,1,,,
"May 24, 2023 5:00 AM",24,11,13,6,1,5,4,2,2,,,,7,6,1,,,,7,4,3,,,
"May 24, 2023 6:00 AM",57,28,29,15,8,7,14,10,4,,,,76,32,44,,,,15,11,4,,,
"May 24, 2023 7:00 AM",86,48,38,25,9,16,17,9,8,,,,140,55,85,,,,44,18,26,,,
"May 24, 2023 8:00 AM",89,52,37,46,18,28,23,11,12,,,,240,99,141,,,,142,96,46,,,
"May 24, 2023 9:00 AM",114,59,55,41,18,23,48,14,34,,,,128,63,65,,,,64,21,43,,,
"May 24, 2023 10:00 AM",142,88,54,27,13,14,26,13,13,,,,81,40,41,,,,47,17,30,,,
"May 24, 2023 11:00 AM",166,93,73,26,13,13,26,17,9,,,,78,34,44,,,,42,21,21,,,
"May 24, 2023 12:00 PM",198,111,87,62,38,24,35,13,22,,,,146,75,71,,,,54,23,31,,,
"May 24, 2023 1:00 PM",163,99,64,67,36,31,48,29,19,,,,167,90,77,,,,90,29,61,,,
"May 24, 2023 2:00 PM",168,96,72,57,32,25,40,23,17,,,,251,97,154,,,,99,37,62,,,
"May 24, 2023 3:00 PM",247,127,120,58,33,25,39,19,20,,,,170,62,108,,,,130,48,82,,,
"May 24, 2023 4:00 PM",138,65,73,46,27,19,32,20,12,,,,234,82,152,,,,61,29,32,,,
"May 24, 2023 5:00 PM",129,59,70,62,33,29,70,34,36,,,,194,78,116,,,,81,45,36,,,
"May 24, 2023 6:00 PM",225,148,77,60,33,27,76,64,12,,,,180,99,81,,,,68,32,36,,,
"May 24, 2023 7:00 PM",179,85,94,60,31,29,30,21,9,,,,205,82,123,,,,54,29,25,,,
"May 24, 2023 8:00 PM",169,97,72,47,24,23,38,23,15,,,,91,38,53,,,,79,31,48,,,
"May 24, 2023 9:00 PM",120,64,56,42,7,35,25,4,21,,,,91,33,58,,,,26,12,14,,,
"May 24, 2023 10:00 PM",39,21,18,8,5,3,13,8,5,,,,143,50,93,,,,16,3,13,,,
"May 24, 2023 11:00 PM",6,1,5,3,0,3,3,1,2,,,,34,7,27,,,,10,6,4,,,
"May 25, 2023 12:00 AM",0,0,0,0,0,0,0,0,0,,,,20,12,8,,,,4,3,1,,,
"May 25, 2023 1:00 AM",0,0,0,0,0,0,0,0,0,,,,0,0,0,,,,7,4,3,,,
"May 25, 2023 2:00 AM",0,0,0,0,0,0,0,0,0,,,,1,1,0,,,,3,1,2,,,
"May 25, 2023 3:00 AM",1,1,0,0,0,0,0,0,0,,,,1,0,1,,,,0,0,0,,,
"May 25, 2023 4:00 AM",0,0,0,1,1,0,0,0,0,,,,0,0,0,,,,1,1,0,,,
"May 25, 2023 5:00 AM",20,12,8,2,0,2,5,5,0,,,,2,1,1,,,,6,2,4,,,
"May 25, 2023 6:00 AM",46,21,25,15,7,8,23,11,12,,,,51,18,33,,,,14,10,4,,,
"May 25, 2023 7:00 AM",80,38,42,20,7,13,21,10,11,,,,84,33,51,,,,37,19,18,,,
"May 25, 2023 8:00 AM",96,59,37,43,18,25,20,11,9,,,,162,64,98,,,,129,85,44,,,
"May 25, 2023 9:00 AM",139,66,73,34,23,11,34,10,24,,,,130,68,62,,,,59,25,34,,,
"May 25, 2023 10:00 AM",168,98,70,30,16,14,31,19,12,,,,106,55,51,,,,54,21,33,,,
"May 25, 2023 11:00 AM",178,107,71,68,37,31,44,15,29,,,,88,39,49,,,,51,25,26,,,
"May 25, 2023 12:00 PM",190,108,82,53,29,24,37,23,14,,,,109,59,50,,,,75,41,34,,,
"May 25, 2023 1:00 PM",248,149,99,77,39,38,57,31,26,,,,152,91,61,,,,100,55,45,,,
"May 25, 2023 2:00 PM",210,101,109,60,18,42,41,19,22,,,,204,105,99,,,,139,76,63,,,
"May 25, 2023 3:00 PM",243,137,106,44,26,18,54,25,29,,,,169,69,100,,,,118,62,56,,,
"May 25, 2023 4:00 PM",216,119,97,84,43,41,47,30,17,,,,152,72,80,,,,68,44,24,,,
"May 25, 2023 5:00 PM",230,110,120,92,43,49,78,44,34,,,,155,81,74,,,,113,70,43,,,
"May 25, 2023 6:00 PM",238,130,108,74,36,38,49,24,25,,,,153,76,77,,,,117,60,57,,,
"May 25, 2023 7:00 PM",201,108,93,61,25,36,41,18,23,,,,186,60,126,,,,89,51,38,,,
"May 25, 2023 8:00 PM",155,78,77,36,18,18,35,16,19,,,,137,51,86,,,,48,27,21,,,
"May 25, 2023 9:00 PM",104,63,41,25,12,13,32,14,18,,,,141,43,98,,,,36,15,21,,,
"May 25, 2023 10:00 PM",50,31,19,21,7,14,12,6,6,,,,131,30,101,,,,51,23,28,,,
"May 25, 2023 11:00 PM",19,8,11,4,3,1,13,2,11,,,,124,27,97,,,,11,7,4,,,
"May 26, 2023 12:00 AM",0,0,0,0,0,0,2,0,2,,,,7,5,2,,,,10,5,5,,,
"May 26, 2023 1:00 AM",1,1,0,0,0,0,1,0,1,,,,2,2,0,,,,4,3,1,,,
"May 26, 2023 2:00 AM",0,0,0,0,0,0,0,0,0,,,,5,3,2,,,,0,0,0,,,
"May 26, 2023 3:00 AM",0,0,0,0,0,0,0,0,0,,,,18,10,8,,,,7,1,6,,,
"May 26, 2023 4:00 AM",1,1,0,1,1,0,0,0,0,,,,10,0,10,,,,1,1,0,,,
"May 26, 2023 5:00 AM",15,5,10,2,0,2,0,0,0,,,,4,3,1,,,,3,1,2,,,
"May 26, 2023 6:00 AM",43,15,28,16,10,6,9,4,5,,,,38,21,17,,,,11,7,4,,,
"May 26, 2023 7:00 AM",89,51,38,25,12,13,12,5,7,,,,82,36,46,,,,33,11,22,,,
"May 26, 2023 8:00 AM",118,54,64,47,28,19,21,13,8,,,,173,88,85,,,,113,76,37,,,
"May 26, 2023 9:00 AM",126,67,59,44,24,20,35,18,17,,,,96,43,53,,,,69,32,37,,,
"May 26, 2023 10:00 AM",136,73,63,63,38,25,40,17,23,,,,91,75,16,,,,61,27,34,,,
"May 26, 2023 11:00 AM",191,111,80,49,24,25,42,21,21,,,,129,56,73,,,,68,30,38,,,
"May 26, 2023 12:00 PM",220,144,76,61,36,25,44,21,23,,,,90,50,40,,,,101,69,32,,,
"May 26, 2023 1:00 PM",214,128,86,82,47,35,55,32,23,,,,166,103,63,,,,128,68,60,,,
"May 26, 2023 2:00 PM",199,112,87,54,34,20,39,25,14,,,,265,143,122,,,,100,47,53,,,
"May 26, 2023 3:00 PM",234,135,99,53,35,18,43,28,15,,,,165,84,81,,,,91,55,36,,,
"May 26, 2023 4:00 PM",218,116,102,82,31,51,59,30,29,,,,153,51,102,,,,104,57,47,,,
"May 26, 2023 5:00 PM",269,151,118,102,44,58,50,25,25,,,,153,80,73,,,,81,40,41,,,
"May 26, 2023 6:00 PM",262,155,107,101,63,38,67,36,31,,,,134,80,54,,,,89,43,46,,,
"May 26, 2023 7:00 PM",283,145,138,83,43,40,49,32,17,,,,123,71,52,,,,55,32,23,,,
"May 26, 2023 8:00 PM",217,117,100,79,31,48,47,17,30,,,,76,35,41,,,,53,28,25,,,
"May 26, 2023 9:00 PM",163,87,76,36,21,15,40,14,26,,,,59,26,33,,,,74,28,46,,,
"May 26, 2023 10:00 PM",54,29,25,20,9,11,18,13,5,,,,87,39,48,,,,45,24,21,,,
"May 26, 2023 11:00 PM",21,13,8,4,0,4,11,6,5,,,,55,31,24,,,,27,15,12,,,
"May 27, 2023 12:00 AM",1,1,0,1,0,1,6,3,3,,,,18,11,7,,,,19,4,15,,,
"May 27, 2023 1:00 AM",8,3,5,8,2,6,1,1,0,,,,22,8,14,,,,5,4,1,,,
"May 27, 2023 2:00 AM",3,3,0,0,0,0,0,0,0,,,,0,0,0,,,,5,3,2,,,
"May 27, 2023 3:00 AM",1,1,0,0,0,0,0,0,0,,,,3,1,2,,,,6,5,1,,,
"May 27, 2023 4:00 AM",1,1,0,0,0,0,1,1,0,,,,5,3,2,,,,7,3,4,,,
"May 27, 2023 5:00 AM",8,5,3,4,4,0,1,1,0,,,,1,0,1,,,,3,1,2,,,
"May 27, 2023 6:00 AM",21,9,12,1,0,1,2,1,1,,,,17,6,11,,,,7,3,4,,,
"May 27, 2023 7:00 AM",63,35,28,16,6,10,16,13,3,,,,45,30,15,,,,25,11,14,,,
"May 27, 2023 8:00 AM",151,68,83,47,27,20,33,18,15,,,,68,44,24,,,,32,11,21,,,
"May 27, 2023 9:00 AM",177,103,74,62,31,31,49,25,24,,,,118,74,44,,,,40,24,16,,,
"May 27, 2023 10:00 AM",245,127,118,83,52,31,63,41,22,,,,142,88,54,,,,72,36,36,,,
"May 27, 2023 11:00 AM",297,175,122,110,73,37,76,37,39,,,,147,82,65,,,,86,50,36,,,
"May 27, 2023 12:00 PM",383,245,138,150,81,69,63,39,24,,,,134,83,51,,,,74,48,26,,,
"May 27, 2023 1:00 PM",403,230,173,161,98,63,65,45,20,,,,112,68,44,,,,63,42,21,,,
"May 27, 2023 2:00 PM",450,278,172,103,66,37,92,60,32,,,,125,74,51,,,,70,38,32,,,
"May 27, 2023 3:00 PM",529,302,227,139,88,51,71,39,32,,,,135,79,56,,,,56,30,26,,,
"May 27, 2023 4:00 PM",596,320,276,113,67,46,74,35,39,,,,168,94,74,,,,54,40,14,,,
"May 27, 2023 5:00 PM",512,252,260,119,57,62,96,37,59,,,,154,67,87,,,,64,29,35,,,
"May 27, 2023 6:00 PM",427,210,217,139,58,81,57,36,21,,,,129,71,58,,,,53,32,21,,,
"May 27, 2023 7:00 PM",363,155,208,103,51,52,48,27,21,,,,135,65,70,,,,62,27,35,,,
"May 27, 2023 8:00 PM",235,104,131,61,22,39,73,34,39,,,,107,51,56,,,,39,27,12,,,
"May 27, 2023 9:00 PM",164,87,77,30,11,19,37,26,11,,,,44,23,21,,,,46,23,23,,,
"May 27, 2023 10:00 PM",64,28,36,13,6,7,18,11,7,,,,13,3,10,,,,27,14,13,,,
"May 27, 2023 11:00 PM",20,13,7,6,1,5,6,3,3,,,,33,10,23,,,,20,9,11,,,
"May 28, 2023 12:00 AM",0,0,0,0,0,0,2,1,1,,,,4,1,3,,,,5,3,2,,,
"May 28, 2023 1:00 AM",0,0,0,4,0,4,0,0,0,,,,6,0,6,,,,15,14,1,,,
"May 28, 2023 2:00 AM",1,1,0,0,0,0,0,0,0,,,,0,0,0,,,,7,4,3,,,
"May 28, 2023 3:00 AM",1,1,0,0,0,0,0,0,0,,,,0,0,0,,,,7,3,4,,,
"May 28, 2023 4:00 AM",2,1,1,0,0,0,0,0,0,,,,2,1,1,,,,2,2,0,,,
"May 28, 2023 5:00 AM",4,2,2,4,1,3,0,0,0,,,,1,0,1,,,,0,0,0,,,
"May 28, 2023 6:00 AM",14,6,8,7,5,2,2,2,0,,,,6,3,3,,,,5,2,3,,,
"May 28, 2023 7:00 AM",35,20,15,23,15,8,15,11,4,,,,51,37,14,,,,13,5,8,,,
"May 28, 2023 8:00 AM",100,54,46,44,27,17,23,12,11,,,,67,39,28,,,,18,9,9,,,
"May 28, 2023 9:00 AM",180,88,92,46,30,16,24,18,6,,,,105,70,35,,,,51,22,29,,,
"May 28, 2023 10:00 AM",264,192,72,53,31,22,48,26,22,,,,159,91,68,,,,45,22,23,,,
"May 28, 2023 11:00 AM",411,225,186,74,45,29,87,53,34,,,,139,76,63,,,,67,35,32,,,
"May 28, 2023 12:00 PM",445,274,171,131,79,52,93,48,45,,,,130,81,49,,,,58,28,30,,,
"May 28, 2023 1:00 PM",531,296,235,121,83,38,93,57,36,,,,140,75,65,,,,69,33,36,,,
"May 28, 2023 2:00 PM",619,388,231,122,73,49,96,59,37,,,,164,85,79,,,,58,30,28,,,
"May 28, 2023 3:00 PM",695,428,267,117,53,64,81,50,31,,,,173,91,82,,,,66,32,34,,,
"May 28, 2023 4:00 PM",623,322,301,105,57,48,82,37,45,,,,182,104,78,,,,54,27,27,,,
"May 28, 2023 5:00 PM",542,264,278,129,71,58,78,32,46,,,,127,63,64,,,,58,33,25,,,
"May 28, 2023 6:00 PM",425,227,198,96,44,52,53,25,28,,,,105,48,57,,,,74,38,36,,,
"May 28, 2023 7:00 PM",351,161,190,54,24,30,59,40,19,,,,88,55,33,,,,56,26,30,,,
"May 28, 2023 8:00 PM",217,116,101,42,19,23,30,14,16,,,,82,43,39,,,,55,25,30,,,
"May 28, 2023 9:00 PM",104,58,46,28,7,21,33,20,13,,,,52,19,33,,,,44,13,31,,,
"May 28, 2023 10:00 PM",34,17,17,14,7,7,13,6,7,,,,69,36,33,,,,11,6,5,,,
"May 28, 2023 11:00 PM",4,3,1,4,0,4,3,1,2,,,,43,13,30,,,,10,6,4,,,
"May 29, 2023 12:00 AM",0,0,0,2,2,0,0,0,0,,,,1,0,1,,,,11,8,3,,,
"May 29, 2023 1:00 AM",2,2,0,0,0,0,0,0,0,,,,5,3,2,,,,0,0,0,,,
"May 29, 2023 2:00 AM",0,0,0,0,0,0,0,0,0,,,,40,31,9,,,,2,0,2,,,
"May 29, 2023 3:00 AM",0,0,0,1,1,0,0,0,0,,,,4,1,3,,,,2,2,0,,,
"May 29, 2023 4:00 AM",0,0,0,1,1,0,0,0,0,,,,0,0,0,,,,1,0,1,,,
"May 29, 2023 5:00 AM",13,4,9,3,3,0,1,0,1,,,,1,1,0,,,,1,0,1,,,
"May 29, 2023 6:00 AM",35,15,20,5,2,3,16,12,4,,,,23,16,7,,,,12,7,5,,,
"May 29, 2023 7:00 AM",79,38,41,18,4,14,17,9,8,,,,55,34,21,,,,52,27,25,,,
"May 29, 2023 8:00 AM",107,49,58,33,13,20,22,11,11,,,,116,62,54,,,,114,68,46,,,
"May 29, 2023 9:00 AM",132,65,67,55,38,17,32,15,17,,,,115,73,42,,,,72,39,33,,,
"May 29, 2023 10:00 AM",166,86,80,62,25,37,38,20,18,,,,89,49,40,,,,46,18,28,,,
"May 29, 2023 11:00 AM",172,102,70,50,25,25,29,11,18,,,,78,39,39,,,,57,24,33,,,
"May 29, 2023 12:00 PM",247,136,111,60,39,21,39,23,16,,,,82,53,29,,,,74,34,40,,,
"May 29, 2023 1:00 PM",250,135,115,62,37,25,52,29,23,,,,124,81,43,,,,84,35,49,,,
"May 29, 2023 2:00 PM",251,133,118,56,26,30,36,19,17,,,,117,68,49,,,,125,62,63,,,
"May 29, 2023 3:00 PM",203,108,95,41,19,22,50,27,23,,,,108,55,53,,,,82,44,38,,,
"May 29, 2023 4:00 PM",218,122,96,56,28,28,51,25,26,,,,127,58,69,,,,73,32,41,,,
"May 29, 2023 5:00 PM",253,142,111,96,56,40,65,37,28,,,,156,77,79,,,,112,56,56,,,
"May 29, 2023 6:00 PM",279,156,123,110,53,57,63,34,29,,,,127,78,49,,,,99,67,32,,,
"May 29, 2023 7:00 PM",302,159,143,109,64,45,67,34,33,,,,134,72,62,,,,87,46,41,,,
"May 29, 2023 8:00 PM",248,142,106,62,24,38,46,31,15,,,,81,35,46,,,,67,42,25,,,
"May 29, 2023 9:00 PM",153,79,74,55,32,23,35,13,22,,,,76,30,46,,,,29,14,15,,,
"May 29, 2023 10:00 PM",40,22,18,23,9,14,9,4,5,,,,144,127,17,,,,21,13,8,,,
"May 29, 2023 11:00 PM",13,8,5,0,0,0,3,2,1,,,,46,31,15,,,,20,11,9,,,
"May 30, 2023 12:00 AM",0,0,0,2,2,0,2,0,2,,,,8,4,4,,,,5,4,1,,,
"May 30, 2023 1:00 AM",1,1,0,0,0,0,0,0,0,,,,0,0,0,,,,4,3,1,,,
"May 30, 2023 2:00 AM",0,0,0,2,2,0,0,0,0,,,,0,0,0,,,,2,1,1,,,
"May 30, 2023 3:00 AM",0,0,0,0,0,0,0,0,0,,,,0,0,0,,,,0,0,0,,,
"May 30, 2023 4:00 AM",0,0,0,1,1,0,0,0,0,,,,1,0,1,,,,3,2,1,,,
"May 30, 2023 5:00 AM",15,9,6,2,1,1,3,1,2,,,,1,1,0,,,,5,2,3,,,
"May 30, 2023 6:00 AM",55,24,31,20,9,11,16,11,5,,,,21,13,8,,,,20,13,7,,,
"May 30, 2023 7:00 AM",80,43,37,26,9,17,23,11,12,,,,66,42,24,,,,49,25,24,,,
"May 30, 2023 8:00 AM",107,52,55,42,16,26,29,17,12,,,,126,59,67,,,,121,79,42,,,
"May 30, 2023 9:00 AM",138,71,67,62,34,28,46,26,20,,,,104,53,51,,,,71,39,32,,,
"May 30, 2023 10:00 AM",159,95,64,54,30,24,40,19,21,,,,64,38,26,,,,62,40,22,,,
"May 30, 2023 11:00 AM",163,101,62,71,40,31,35,14,21,,,,81,46,35,,,,63,35,28,,,
"May 30, 2023 12:00 PM",194,120,74,54,25,29,37,21,16,,,,69,30,39,,,,90,52,38,,,
"May 30, 2023 1:00 PM",256,131,125,71,38,33,60,32,28,,,,172,115,57,,,,93,48,45,,,
"May 30, 2023 2:00 PM",245,138,107,59,26,33,30,18,12,,,,218,127,91,,,,108,50,58,,,
"May 30, 2023 3:00 PM",221,143,78,47,27,20,22,13,9,,,,134,50,84,,,,99,52,47,,,
"May 30, 2023 4:00 PM",283,133,150,56,32,24,42,17,25,,,,135,71,64,,,,87,51,36,,,
"May 30, 2023 5:00 PM",249,128,121,76,45,31,72,47,25,,,,121,59,62,,,,104,58,46,,,
"May 30, 2023 6:00 PM",343,183,160,105,73,32,78,43,35,,,,147,93,54,,,,91,52,39,,,
"May 30, 2023 7:00 PM",433,276,157,135,68,67,68,33,35,,,,114,64,50,,,,116,57,59,,,
"May 30, 2023 8:00 PM",404,197,207,172,91,81,80,46,34,,,,104,52,52,,,,75,26,49,,,
"May 30, 2023 9:00 PM",202,102,100,84,27,57,46,24,22,,,,102,71,31,,,,52,23,29,,,
"May 30, 2023 10:00 PM",60,33,27,26,11,15,20,6,14,,,,79,60,19,,,,16,5,11,,,
"May 30, 2023 11:00 PM",16,13,3,8,3,5,4,0,4,,,,72,65,7,,,,11,6,5,,,
"May 31, 2023 12:00 AM",0,0,0,2,2,0,1,1,0,,,,6,6,0,,,,10,6,4,,,
"May 31, 2023 1:00 AM",1,0,1,0,0,0,1,0,1,,,,0,0,0,,,,5,5,0,,,
"May 31, 2023 2:00 AM",0,0,0,0,0,0,0,0,0,,,,0,0,0,,,,0,0,0,,,
"May 31, 2023 3:00 AM",1,1,0,0,0,0,0,0,0,,,,1,0,1,,,,2,2,0,,,
"May 31, 2023 4:00 AM",0,0,0,2,1,1,0,0,0,,,,1,0,1,,,,3,2,1,,,
"May 31, 2023 5:00 AM",20,9,11,5,1,4,4,2,2,,,,3,2,1,,,,7,4,3,,,
"May 31, 2023 6:00 AM",51,23,28,28,12,16,14,9,5,,,,39,20,19,,,,19,10,9,,,
"May 31, 2023 7:00 AM",93,48,45,36,18,18,21,8,13,,,,61,29,32,,,,41,18,23,,,
"May 31, 2023 8:00 AM",93,52,41,53,24,29,22,7,15,,,,134,66,68,,,,102,55,47,,,
"May 31, 2023 9:00 AM",121,66,55,48,24,24,48,20,28,,,,84,47,37,,,,73,41,32,,,
"May 31, 2023 10:00 AM",126,68,58,118,74,44,20,12,8,,,,152,110,42,,,,53,22,31,,,
"May 31, 2023 11:00 AM",205,136,69,56,29,27,37,16,21,,,,70,38,32,,,,86,32,54,,,
"May 31, 2023 12:00 PM",160,88,72,47,25,22,44,22,22,,,,74,43,31,,,,85,40,45,,,
"May 31, 2023 1:00 PM",196,85,111,44,30,14,44,19,25,,,,155,89,66,,,,87,43,44,,,
"May 31, 2023 2:00 PM",97,54,43,43,26,17,21,12,9,,,,176,85,91,,,,114,48,66,,,
"May 31, 2023 3:00 PM",158,89,69,46,23,23,31,15,16,,,,69,43,26,,,,88,43,45,,,
"May 31, 2023 4:00 PM",158,81,77,69,34,35,32,18,14,,,,145,71,74,,,,77,49,28,,,
"May 31, 2023 5:00 PM",200,102,98,60,32,28,55,36,19,,,,143,85,58,,,,95,53,42,,,
"May 31, 2023 6:00 PM",261,120,141,119,80,39,53,28,25,,,,208,137,71,,,,103,47,56,,,
"May 31, 2023 7:00 PM",323,168,155,86,46,40,54,38,16,,,,150,72,78,,,,71,37,34,,,
"May 31, 2023 8:00 PM",274,142,132,98,60,38,57,32,25,,,,162,107,55,,,,63,24,39,,,
"May 31, 2023 9:00 PM",178,103,75,41,25,16,33,15,18,,,,56,24,32,,,,30,13,17,,,
"May 31, 2023 10:00 PM",57,34,23,19,8,11,17,7,10,,,,51,19,32,,,,27,11,16,,,
"May 31, 2023 11:00 PM",17,11,6,14,9,5,7,4,3,,,,51,42,9,,,,9,6,3,,,
"Jun 1, 2023 12:00 AM",1,0,1,1,1,0,2,1,1,,,,7,4,3,,,,6,5,1,,,
"Jun 1, 2023 1:00 AM",1,0,1,0,0,0,1,0,1,,,,0,0,0,,,,5,5,0,,,
"Jun 1, 2023 2:00 AM",0,0,0,0,0,0,0,0,0,,,,0,0,0,,,,0,0,0,,,
"Jun 1, 2023 3:00 AM",0,0,0,0,0,0,0,0,0,,,,0,0,0,,,,2,1,1,,,
"Jun 1, 2023 4:00 AM",1,1,0,1,1,0,0,0,0,,,,0,0,0,,,,3,2,1,,,
"Jun 1, 2023 5:00 AM",12,2,10,7,1,6,2,2,0,,,,3,2,1,,,,9,6,3,,,
"Jun 1, 2023 6:00 AM",66,29,37,19,10,9,33,18,15,,,,48,31,17,,,,14,9,5,,,
"Jun 1, 2023 7:00 AM",75,37,38,28,10,18,22,13,9,,,,68,31,37,,,,45,26,19,,,
"Jun 1, 2023 8:00 AM",98,54,44,31,12,19,31,14,17,,,,98,51,47,,,,103,54,49,,,
"Jun 1, 2023 9:00 AM",106,57,49,36,16,20,28,18,10,,,,101,54,47,,,,66,35,31,,,
"Jun 1, 2023 10:00 AM",98,49,49,36,22,14,32,12,20,,,,59,29,30,,,,65,40,25,,,
"Jun 1, 2023 11:00 AM",108,52,56,50,28,22,32,20,12,,,,78,46,32,,,,65,30,35,,,
"Jun 1, 2023 12:00 PM",133,63,70,74,43,31,20,7,13,,,,105,49,56,,,,64,31,33,,,
"Jun 1, 2023 1:00 PM",174,120,54,58,23,35,54,31,23,,,,98,52,46,,,,94,43,51,,,
"Jun 1, 2023 2:00 PM",165,88,77,35,20,15,35,16,19,,,,108,59,49,,,,114,57,57,,,
"Jun 1, 2023 3:00 PM",178,99,79,32,17,15,25,10,15,,,,161,91,70,,,,67,31,36,,,
"Jun 1, 2023 4:00 PM",184,97,87,47,27,20,34,22,12,,,,159,76,83,,,,84,46,38,,,
"Jun 1, 2023 5:00 PM",229,123,106,47,33,14,42,30,12,,,,139,70,69,,,,110,63,47,,,
"Jun 1, 2023 6:00 PM",245,131,114,81,42,39,41,19,22,,,,129,81,48,,,,131,73,58,,,
"Jun 1, 2023 7:00 PM",293,147,146,93,48,45,43,24,19,,,,118,63,55,,,,88,43,45,,,
"Jun 1, 2023 8:00 PM",248,128,120,66,43,23,36,17,19,,,,105,42,63,,,,61,26,35,,,
"Jun 1, 2023 9:00 PM",151,90,61,54,24,30,31,13,18,,,,91,34,57,,,,44,23,21,,,
"Jun 1, 2023 10:00 PM",58,39,19,21,8,13,13,6,7,,,,45,25,20,,,,25,9,16,,,
"Jun 1, 2023 11:00 PM",11,9,2,6,2,4,4,0,4,,,,28,18,10,,,,7,5,2,,,
"Jun 2, 2023 12:00 AM",0,0,0,1,0,1,10,6,4,,,,35,31,4,,,,11,7,4,,,
"Jun 2, 2023 1:00 AM",3,3,0,1,1,0,0,0,0,,,,2,1,1,,,,5,5,0,,,
"Jun 2, 2023 2:00 AM",1,1,0,0,0,0,0,0,0,,,,1,0,1,,,,1,0,1,,,
"Jun 2, 2023 3:00 AM",1,1,0,0,0,0,0,0,0,,,,2,2,0,,,,0,0,0,,,
"Jun 2, 2023 4:00 AM",1,0,1,1,1,0,0,0,0,,,,0,0,0,,,,2,2,0,,,
"Jun 2, 2023 5:00 AM",13,7,6,3,1,2,0,0,0,,,,6,4,2,,,,6,4,2,,,
"Jun 2, 2023 6:00 AM",49,22,27,11,5,6,10,5,5,,,,26,11,15,,,,17,10,7,,,
"Jun 2, 2023 7:00 AM",69,45,24,23,12,11,12,7,5,,,,34,22,12,,,,32,18,14,,,
"Jun 2, 2023 8:00 AM",78,41,37,35,15,20,23,10,13,,,,92,50,42,,,,60,34,26,,,
"Jun 2, 2023 9:00 AM",115,65,50,44,26,18,27,11,16,,,,91,53,38,,,,47,22,25,,,
"Jun 2, 2023 10:00 AM",138,80,58,31,19,12,25,15,10,,,,136,89,47,,,,48,16,32,,,
"Jun 2, 2023 11:00 AM",153,74,79,46,26,20,35,15,20,,,,80,49,31,,,,61,23,38,,,
"Jun 2, 2023 12:00 PM",158,86,72,65,36,29,29,16,13,,,,414,324,90,,,,48,22,26,,,
"Jun 2, 2023 1:00 PM",174,97,77,64,27,37,37,23,14,,,,414,169,245,,,,71,37,34,,,
"Jun 2, 2023 2:00 PM",190,90,100,47,21,26,44,21,23,,,,293,89,204,,,,59,32,27,,,
"Jun 2, 2023 3:00 PM",229,127,102,45,28,17,33,19,14,,,,115,71,44,,,,60,40,20,,,
"Jun 2, 2023 4:00 PM",272,143,129,54,24,30,34,16,18,,,,93,41,52,,,,87,43,44,,,
"Jun 2, 2023 5:00 PM",263,142,121,95,45,50,39,20,19,,,,112,55,57,,,,66,32,34,,,
"Jun 2, 2023 6:00 PM",277,140,137,79,44,35,54,31,23,,,,89,56,33,,,,77,27,50,,,
"Jun 2, 2023 7:00 PM",230,127,103,66,41,25,59,29,30,,,,86,45,41,,,,50,22,28,,,
"Jun 2, 2023 8:00 PM",203,106,97,41,13,28,50,22,28,,,,52,23,29,,,,44,31,13,,,
"Jun 2, 2023 9:00 PM",136,74,62,35,18,17,50,24,26,,,,44,21,23,,,,38,11,27,,,
"Jun 2, 2023 10:00 PM",74,43,31,11,0,11,22,10,12,,,,61,36,25,,,,15,7,8,,,
"Jun 2, 2023 11:00 PM",13,7,6,2,1,1,9,3,6,,,,33,20,13,,,,13,8,5,,,
"Jun 3, 2023 12:00 AM",1,1,0,3,0,3,4,1,3,,,,27,16,11,,,,3,3,0,,,
"Jun 3, 2023 1:00 AM",4,2,2,0,0,0,0,0,0,,,,20,6,14,,,,11,9,2,,,
"Jun 3, 2023 2:00 AM",0,0,0,1,1,0,1,0,1,,,,2,1,1,,,,7,2,5,,,
"Jun 3, 2023 3:00 AM",1,1,0,0,0,0,0,0,0,,,,2,0,2,,,,1,1,0,,,
"Jun 3, 2023 4:00 AM",1,0,1,5,5,0,0,0,0,,,,31,4,27,,,,0,0,0,,,
"Jun 3, 2023 5:00 AM",5,4,1,1,1,0,4,3,1,,,,4,1,3,,,,0,0,0,,,
"Jun 3, 2023 6:00 AM",17,7,10,4,2,2,6,5,1,,,,8,5,3,,,,6,3,3,,,
"Jun 3, 2023 7:00 AM",79,36,43,16,10,6,12,8,4,,,,59,28,31,,,,20,11,9,,,
"Jun 3, 2023 8:00 AM",103,61,42,36,21,15,27,19,8,,,,61,31,30,,,,28,10,18,,,
"Jun 3, 2023 9:00 AM",152,96,56,52,31,21,50,26,24,,,,88,52,36,,,,50,25,25,,,
"Jun 3, 2023 10:00 AM",209,118,91,98,68,30,41,25,16,,,,120,74,46,,,,67,41,26,,,
"Jun 3, 2023 11:00 AM",276,151,125,139,96,43,80,51,29,,,,174,99,75,,,,72,45,27,,,
"Jun 3, 2023 12:00 PM",352,199,153,96,61,35,47,32,15,,,,139,67,72,,,,92,57,35,,,
"Jun 3, 2023 1:00 PM",318,195,123,114,68,46,55,27,28,,,,135,65,70,,,,61,32,29,,,
"Jun 3, 2023 2:00 PM",398,222,176,149,77,72,90,48,42,,,,169,63,106,,,,74,43,31,,,
"Jun 3, 2023 3:00 PM",425,252,173,98,52,46,79,44,35,,,,120,63,57,,,,61,31,30,,,
"Jun 3, 2023 4:00 PM",513,298,215,82,45,37,62,30,32,,,,78,37,41,,,,50,32,18,,,
"Jun 3, 2023 5:00 PM",461,175,286,107,38,69,71,33,38,,,,107,55,52,,,,67,36,31,,,
"Jun 3, 2023 6:00 PM",385,199,186,91,40,51,46,27,19,,,,84,28,56,,,,77,43,34,,,
"Jun 3, 2023 7:00 PM",294,151,143,52,24,28,50,18,32,,,,111,66,45,,,,65,21,44,,,
"Jun 3, 2023 8:00 PM",232,128,104,46,20,26,28,9,19,,,,113,69,44,,,,44,22,22,,,
"Jun 3, 2023 9:00 PM",141,79,62,28,13,15,38,10,28,,,,42,19,23,,,,41,20,21,,,
"Jun 3, 2023 10:00 PM",110,48,62,22,8,14,37,23,14,,,,38,17,21,,,,33,12,21,,,
"Jun 3, 2023 11:00 PM",28,20,8,8,4,4,25,6,19,,,,19,12,7,,,,18,11,7,,,
"Jun 4, 2023 12:00 AM",1,0,1,1,1,0,3,3,0,,,,16,5,11,,,,19,11,8,,,
"Jun 4, 2023 1:00 AM",6,2,4,0,0,0,3,1,2,,,,2,2,0,,,,7,5,2,,,
"Jun 4, 2023 2:00 AM",2,1,1,1,1,0,0,0,0,,,,0,0,0,,,,12,8,4,,,
"Jun 4, 2023 3:00 AM",2,0,2,0,0,0,0,0,0,,,,0,0,0,,,,4,4,0,,,
"Jun 4, 2023 4:00 AM",0,0,0,0,0,0,0,0,0,,,,0,0,0,,,,5,2,3,,,
"Jun 4, 2023 5:00 AM",5,2,3,5,1,4,3,3,0,,,,6,3,3,,,,2,2,0,,,
"Jun 4, 2023 6:00 AM",13,6,7,7,3,4,5,2,3,,,,5,4,1,,,,3,1,2,,,
"Jun 4, 2023 7:00 AM",37,20,17,20,11,9,24,15,9,,,,21,14,7,,,,10,4,6,,,
"Jun 4, 2023 8:00 AM",114,51,63,34,19,15,26,13,13,,,,52,30,22,,,,20,11,9,,,
"Jun 4, 2023 9:00 AM",184,94,90,46,29,17,41,18,23,,,,103,59,44,,,,42,22,20,,,
"Jun 4, 2023 10:00 AM",297,203,94,88,60,28,54,37,17,,,,110,72,38,,,,64,34,30,,,
"Jun 4, 2023 11:00 AM",488,273,215,166,103,63,63,39,24,,,,132,71,61,,,,64,29,35,,,
"Jun 4, 2023 12:00 PM",562,298,264,143,72,71,66,32,34,,,,158,96,62,,,,79,40,39,,,
"Jun 4, 2023 1:00 PM",643,390,253,164,95,69,72,40,32,,,,144,75,69,,,,50,22,28,,,
"Jun 4, 2023 2:00 PM",734,426,308,134,61,73,90,54,36,,,,110,70,40,,,,48,22,26,,,
"Jun 4, 2023 3:00 PM",686,408,278,126,55,71,87,49,38,,,,138,66,72,,,,66,36,30,,,
"Jun 4, 2023 4:00 PM",704,376,328,103,56,47,90,41,49,,,,151,66,85,,,,65,40,25,,,
"Jun 4, 2023 5:00 PM",643,334,309,110,23,87,69,41,28,,,,130,64,66,,,,62,31,31,,,
"Jun 4, 2023 6:00 PM",484,200,284,85,36,49,52,27,25,,,,110,54,56,,,,68,22,46,,,
"Jun 4, 2023 7:00 PM",388,193,195,83,44,39,42,25,17,,,,86,34,52,,,,44,20,24,,,
"Jun 4, 2023 8:00 PM",214,102,112,34,18,16,23,11,12,,,,40,18,22,,,,38,17,21,,,
"Jun 4, 2023 9:00 PM",120,53,67,27,7,20,26,12,14,,,,49,24,25,,,,29,13,16,,,
"Jun 4, 2023 10:00 PM",52,29,23,22,8,14,8,4,4,,,,19,9,10,,,,18,12,6,,,
"Jun 4, 2023 11:00 PM",13,5,8,7,2,5,6,3,3,,,,4,2,2,,,,6,5,1,,,
"Jun 5, 2023 12:00 AM",0,0,0,2,0,2,5,3,2,,,,8,3,5,,,,8,0,8,,,
"Jun 5, 2023 1:00 AM",3,2,1,2,1,1,0,0,0,,,,2,1,1,,,,8,6,2,,,
"Jun 5, 2023 2:00 AM",0,0,0,0,0,0,0,0,0,,,,0,0,0,,,,5,1,4,,,
"Jun 5, 2023 3:00 AM",6,2,4,0,0,0,0,0,0,,,,0,0,0,,,,5,3,2,,,
"Jun 5, 2023 4:00 AM",6,2,4,1,1,0,1,1,0,,,,1,0,1,,,,5,2,3,,,
"Jun 5, 2023 5:00 AM",6,4,2,2,0,2,4,4,0,,,,3,1,2,,,,1,1,0,,,
"Jun 5, 2023 6:00 AM",20,10,10,1,0,1,1,1,0,,,,9,4,5,,,,7,3,4,,,
"Jun 5, 2023 7:00 AM",47,24,23,12,8,4,9,5,4,,,,16,13,3,,,,10,3,7,,,
"Jun 5, 2023 8:00 AM",117,62,55,20,13,7,27,21,6,,,,38,27,11,,,,23,16,7,,,
"Jun 5, 2023 9:00 AM",190,97,93,44,31,13,51,30,21,,,,109,73,36,,,,44,19,25,,,
"Jun 5, 2023 10:00 AM",241,137,104,68,48,20,56,35,21,,,,120,71,49,,,,57,29,28,,,
"Jun 5, 2023 11:00 AM",357,227,130,141,88,53,61,36,25,,,,139,83,56,,,,79,43,36,,,
"Jun 5, 2023 12:00 PM",341,223,118,184,109,75,85,38,47,,,,149,79,70,,,,63,43,20,,,
"Jun 5, 2023 1:00 PM",480,304,176,209,106,103,85,47,38,,,,131,78,53,,,,80,49,31,,,
"Jun 5, 2023 2:00 PM",585,337,248,166,103,63,104,63,41,,,,195,95,100,,,,75,32,43,,,
"Jun 5, 2023 3:00 PM",574,316,258,187,109,78,77,34,43,,,,126,63,63,,,,59,27,32,,,
"Jun 5, 2023 4:00 PM",575,286,289,158,74,84,82,46,36,,,,144,84,60,,,,71,41,30,,,
"Jun 5, 2023 5:00 PM",583,265,318,124,44,80,74,38,36,,,,139,67,72,,,,64,31,33,,,
"Jun 5, 2023 6:00 PM",482,238,244,106,41,65,63,32,31,,,,100,44,56,,,,93,50,43,,,
"Jun 5, 2023 7:00 PM",359,173,186,99,46,53,52,18,34,,,,69,32,37,,,,45,22,23,,,
"Jun 5, 2023 8:00 PM",265,136,129,57,28,29,36,18,18,,,,56,25,31,,,,43,23,20,,,
"Jun 5, 2023 9:00 PM",161,87,74,41,12,29,35,13,22,,,,39,14,25,,,,15,6,9,,,
"Jun 5, 2023 10:00 PM",49,23,26,31,12,19,15,8,7,,,,35,13,22,,,,17,9,8,,,
"Jun 5, 2023 11:00 PM",15,10,5,12,4,8,5,1,4,,,,58,13,45,,,,4,3,1,,,
"Jun 6, 2023 12:00 AM",0,0,0,2,2,0,1,1,0,,,,3,1,2,,,,6,5,1,,,
"Jun 6, 2023 1:00 AM",0,0,0,2,0,2,0,0,0,,,,0,0,0,,,,3,2,1,,,
"Jun 6, 2023 2:00 AM",0,0,0,2,0,2,0,0,0,,,,0,0,0,,,,3,1,2,,,
"Jun 6, 2023 3:00 AM",0,0,0,0,0,0,0,0,0,,,,0,0,0,,,,1,1,0,,,
"Jun 6, 2023 4:00 AM",1,0,1,1,1,0,0,0,0,,,,0,0,0,,,,0,0,0,,,
"Jun 6, 2023 5:00 AM",10,6,4,4,1,3,0,0,0,,,,4,1,3,,,,3,1,2,,,
"Jun 6, 2023 6:00 AM",52,24,28,10,4,6,6,4,2,,,,23,14,9,,,,11,8,3,,,
"Jun 6, 2023 7:00 AM",65,31,34,30,14,16,13,8,5,,,,75,35,40,,,,38,16,22,,,
"Jun 6, 2023 8:00 AM",96,52,44,34,16,18,19,8,11,,,,89,39,50,,,,32,17,15,,,
"Jun 6, 2023 9:00 AM",118,66,52,28,12,16,33,18,15,,,,75,41,34,,,,36,14,22,,,
"Jun 6, 2023 10:00 AM",108,59,49,47,23,24,19,10,9,,,,67,37,30,,,,40,19,21,,,
"Jun 6, 2023 11:00 AM",149,88,61,40,17,23,46,28,18,,,,60,35,25,,,,49,21,28,,,
"Jun 6, 2023 12:00 PM",161,110,51,43,28,15,37,17,20,,,,60,36,24,,,,57,27,30,,,
"Jun 6, 2023 1:00 PM",156,88,68,51,33,18,50,28,22,,,,90,51,39,,,,44,16,28,,,
"Jun 6, 2023 2:00 PM",164,90,74,51,29,22,30,14,16,,,,79,44,35,,,,39,17,22,,,
"Jun 6, 2023 3:00 PM",158,74,84,41,20,21,27,14,13,,,,59,31,28,,,,73,35,38,,,
"Jun 6, 2023 4:00 PM",138,75,63,36,13,23,39,18,21,,,,77,34,43,,,,51,29,22,,,
"Jun 6, 2023 5:00 PM",144,67,77,62,30,32,50,31,19,,,,100,55,45,,,,72,38,34,,,
"Jun 6, 2023 6:00 PM",180,87,93,67,35,32,56,22,34,,,,124,76,48,,,,112,68,44,,,
"Jun 6, 2023 7:00 PM",219,113,106,65,28,37,53,26,27,,,,105,51,54,,,,108,63,45,,,
"Jun 6, 2023 8:00 PM",227,119,108,76,36,40,34,16,18,,,,79,36,43,,,,85,35,50,,,
"Jun 6, 2023 9:00 PM",137,71,66,59,23,36,42,24,18,,,,51,21,30,,,,50,22,28,,,
"Jun 6, 2023 10:00 PM",70,42,28,11,6,5,10,4,6,,,,47,18,29,,,,14,9,5,,,
"Jun 6, 2023 11:00 PM",9,4,5,5,0,5,5,1,4,,,,17,3,14,,,,5,1,4,,,
"Jun 7, 2023 12:00 AM",0,0,0,0,0,0,2,2,0,,,,14,9,5,,,,6,4,2,,,
"Jun 7, 2023 1:00 AM",3,1,2,0,0,0,0,0,0,,,,0,0,0,,,,4,1,3,,,
"Jun 7, 2023 2:00 AM",2,2,0,0,0,0,0,0,0,,,,0,0,0,,,,2,2,0,,,
"Jun 7, 2023 3:00 AM",0,0,0,0,0,0,0,0,0,,,,0,0,0,,,,2,2,0,,,
"Jun 7, 2023 4:00 AM",0,0,0,1,1,0,0,0,0,,,,0,0,0,,,,0,0,0,,,
"Jun 7, 2023 5:00 AM",14,7,7,3,1,2,5,4,1,,,,6,2,4,,,,4,1,3,,,
"Jun 7, 2023 6:00 AM",72,30,42,19,11,8,21,10,11,,,,32,18,14,,,,17,11,6,,,
"Jun 7, 2023 7:00 AM",77,39,38,26,9,17,18,7,11,,,,87,46,41,,,,36,13,23,,,
"Jun 7, 2023 8:00 AM",72,36,36,22,5,17,25,13,12,,,,100,53,47,,,,86,49,37,,,
"Jun 7, 2023 9:00 AM",81,37,44,46,21,25,29,14,15,,,,62,30,32,,,,51,23,28,,,
"Jun 7, 2023 10:00 AM",91,46,45,24,15,9,17,6,11,,,,76,40,36,,,,41,19,22,,,
"Jun 7, 2023 11:00 AM",92,52,40,22,10,12,32,18,14,,,,83,39,44,,,,59,19,40,,,
"Jun 7, 2023 12:00 PM",95,49,46,44,24,20,21,14,7,,,,49,28,21,,,,52,19,33,,,
"Jun 7, 2023 1:00 PM",121,71,50,36,15,21,39,20,19,,,,120,69,51,,,,66,28,38,,,
"Jun 7, 2023 2:00 PM",128,65,63,33,16,17,28,15,13,,,,138,59,79,,,,45,25,20,,,
"Jun 7, 2023 3:00 PM",139,66,73,43,19,24,26,17,9,,,,86,29,57,,,,63,33,30,,,
"Jun 7, 2023 4:00 PM",108,52,56,45,27,18,29,18,11,,,,102,49,53,,,,80,44,36,,,
"Jun 7, 2023 5:00 PM",138,67,71,47,34,13,39,24,15,,,,110,59,51,,,,58,34,24,,,
"Jun 7, 2023 6:00 PM",147,84,63,56,36,20,49,26,23,,,,131,73,58,,,,86,41,45,,,
"Jun 7, 2023 7:00 PM",175,103,72,54,33,21,32,17,15,,,,110,50,60,,,,101,56,45,,,
"Jun 7, 2023 8:00 PM",206,112,94,49,25,24,40,19,21,,,,89,43,46,,,,48,15,33,,,
"Jun 7, 2023 9:00 PM",89,53,36,26,10,16,18,10,8,,,,38,18,20,,,,29,15,14,,,
"Jun 7, 2023 10:00 PM",39,19,20,5,1,4,16,8,8,,,,28,4,24,,,,13,6,7,,,
"Jun 7, 2023 11:00 PM",13,8,5,9,3,6,8,0,8,,,,4,3,1,,,,3,2,1,,,
"Jun 8, 2023 12:00 AM",0,0,0,0,0,0,1,0,1,,,,6,5,1,,,,11,10,1,,,
"Jun 8, 2023 1:00 AM",1,0,1,0,0,0,0,0,0,,,,0,0,0,,,,4,2,2,,,
"Jun 8, 2023 2:00 AM",0,0,0,0,0,0,3,2,1,,,,1,0,1,,,,1,0,1,,,
"Jun 8, 2023 3:00 AM",0,0,0,0,0,0,0,0,0,,,,1,1,0,,,,0,0,0,,,
"Jun 8, 2023 4:00 AM",0,0,0,1,1,0,0,0,0,,,,0,0,0,,,,2,1,1,,,
"Jun 8, 2023 5:00 AM",8,2,6,2,0,2,0,0,0,,,,2,1,1,,,,5,2,3,,,
"Jun 8, 2023 6:00 AM",40,18,22,14,6,8,19,9,10,,,,37,23,14,,,,8,4,4,,,
"Jun 8, 2023 7:00 AM",72,37,35,29,14,15,14,7,7,,,,86,38,48,,,,39,22,17,,,
"Jun 8, 2023 8:00 AM",73,47,26,41,16,25,16,5,11,,,,78,45,33,,,,95,51,44,,,
"Jun 8, 2023 9:00 AM",103,58,45,36,19,17,26,15,11,,,,88,48,40,,,,49,25,24,,,
"Jun 8, 2023 10:00 AM",83,39,44,30,18,12,24,10,14,,,,51,16,35,,,,51,22,29,,,
"Jun 8, 2023 11:00 AM",97,57,40,25,9,16,19,7,12,,,,42,26,16,,,,54,26,28,,,
"Jun 8, 2023 12:00 PM",100,48,52,24,13,11,15,7,8,,,,56,34,22,,,,55,29,26,,,
"Jun 8, 2023 1:00 PM",93,51,42,36,19,17,32,20,12,,,,64,34,30,,,,50,27,23,,,
"Jun 8, 2023 2:00 PM",114,58,56,57,43,14,51,32,19,,,,120,68,52,,,,82,33,49,,,
"Jun 8, 2023 3:00 PM",143,68,75,27,13,14,40,20,20,,,,114,54,60,,,,72,26,46,,,
"Jun 8, 2023 4:00 PM",132,74,58,35,18,17,39,22,17,,,,102,52,50,,,,77,35,42,,,
"Jun 8, 2023 5:00 PM",139,72,67,53,26,27,59,32,27,,,,102,38,64,,,,83,40,43,,,
"Jun 8, 2023 6:00 PM",134,72,62,65,51,14,51,33,18,,,,114,68,46,,,,72,40,32,,,
"Jun 8, 2023 7:00 PM",183,105,78,92,46,46,44,24,20,,,,119,72,47,,,,80,44,36,,,
"Jun 8, 2023 8:00 PM",197,123,74,64,30,34,40,16,24,,,,69,36,33,,,,75,29,46,,,
"Jun 8, 2023 9:00 PM",133,75,58,33,12,21,26,18,8,,,,49,20,29,,,,37,16,21,,,
"Jun 8, 2023 10:00 PM",57,32,25,8,6,2,21,7,14,,,,26,9,17,,,,25,11,14,,,
"Jun 8, 2023 11:00 PM",14,12,2,5,0,5,6,0,6,,,,12,5,7,,,,11,6,5,,,
"Jun 9, 2023 12:00 AM",0,0,0,0,0,0,4,1,3,,,,9,4,5,,,,24,18,6,,,
"Jun 9, 2023 1:00 AM",1,0,1,1,1,0,0,0,0,,,,3,3,0,,,,3,2,1,,,
"Jun 9, 2023 2:00 AM",0,0,0,0,0,0,0,0,0,,,,0,0,0,,,,1,1,0,,,
"Jun 9, 2023 3:00 AM",0,0,0,0,0,0,0,0,0,,,,0,0,0,,,,2,1,1,,,
"Jun 9, 2023 4:00 AM",0,0,0,3,3,0,0,0,0,,,,0,0,0,,,,0,0,0,,,
"Jun 9, 2023 5:00 AM",10,5,5,7,4,3,2,2,0,,,,6,3,3,,,,3,1,2,,,
"Jun 9, 2023 6:00 AM",64,31,33,9,5,4,21,13,8,,,,32,22,10,,,,21,9,12,,,
"Jun 9, 2023 7:00 AM",75,46,29,26,9,17,12,9,3,,,,44,20,24,,,,29,11,18,,,
"Jun 9, 2023 8:00 AM",96,45,51,37,18,19,32,18,14,,,,94,51,43,,,,112,71,41,,,
"Jun 9, 2023 9:00 AM",111,66,45,46,24,22,32,20,12,,,,87,54,33,,,,70,36,34,,,
"Jun 9, 2023 10:00 AM",127,69,58,47,17,30,15,3,12,,,,76,45,31,,,,58,30,28,,,
"Jun 9, 2023 11:00 AM",185,113,72,61,34,27,26,14,12,,,,57,31,26,,,,76,44,32,,,
"Jun 9, 2023 12:00 PM",154,88,66,47,26,21,25,13,12,,,,75,43,32,,,,64,35,29,,,
"Jun 9, 2023 1:00 PM",183,100,83,59,34,25,51,25,26,,,,139,84,55,,,,73,41,32,,,
"Jun 9, 2023 2:00 PM",163,88,75,53,33,20,34,21,13,,,,196,113,83,,,,105,54,51,,,
"Jun 9, 2023 3:00 PM",169,97,72,50,25,25,29,10,19,,,,110,47,63,,,,74,35,39,,,
"Jun 9, 2023 4:00 PM",173,98,75,56,30,26,62,38,24,,,,128,74,54,,,,74,43,31,,,
"Jun 9, 2023 5:00 PM",183,97,86,67,36,31,41,21,20,,,,116,55,61,,,,107,52,55,,,
"Jun 9, 2023 6:00 PM",261,147,114,73,40,33,54,28,26,,,,136,69,67,,,,77,36,41,,,
"Jun 9, 2023 7:00 PM",222,115,107,66,31,35,43,21,22,,,,79,42,37,,,,66,28,38,,,
"Jun 9, 2023 8:00 PM",196,110,86,59,22,37,33,15,18,,,,58,31,27,,,,61,37,24,,,
"Jun 9, 2023 9:00 PM",134,76,58,29,16,13,31,12,19,,,,45,16,29,,,,63,27,36,,,
"Jun 9, 2023 10:00 PM",60,28,32,15,3,12,26,11,15,,,,46,16,30,,,,33,11,22,,,
"Jun 9, 2023 11:00 PM",29,15,14,8,3,5,24,10,14,,,,252,46,206,,,,13,9,4,,,
"Jun 10, 2023 12:00 AM",0,0,0,6,0,6,5,1,4,,,,5,2,3,,,,1,0,1,,,
"Jun 10, 2023 1:00 AM",2,0,2,9,6,3,4,4,0,,,,6,2,4,,,,8,6,2,,,
"Jun 10, 2023 2:00 AM",1,0,1,0,0,0,3,2,1,,,,3,3,0,,,,2,1,1,,,
"Jun 10, 2023 3:00 AM",2,1,1,4,1,3,1,0,1,,,,0,0,0,,,,1,1,0,,,
"Jun 10, 2023 4:00 AM",0,0,0,0,0,0,0,0,0,,,,0,0,0,,,,6,3,3,,,
"Jun 10, 2023 5:00 AM",4,0,4,2,2,0,0,0,0,,,,1,0,1,,,,2,0,2,,,
"Jun 10, 2023 6:00 AM",26,10,16,11,8,3,6,3,3,,,,4,2,2,,,,5,3,2,,,
"Jun 10, 2023 7:00 AM",49,26,23,24,6,18,14,10,4,,,,21,10,11,,,,9,4,5,,,
"Jun 10, 2023 8:00 AM",116,57,59,47,27,20,31,12,19,,,,50,24,26,,,,25,10,15,,,
"Jun 10, 2023 9:00 AM",141,82,59,51,25,26,23,17,6,,,,78,51,27,,,,20,9,11,,,
"Jun 10, 2023 10:00 AM",187,105,82,45,19,26,51,25,26,,,,111,68,43,,,,48,28,20,,,
"Jun 10, 2023 11:00 AM",142,80,62,70,39,31,41,26,15,,,,162,102,60,,,,63,33,30,,,
"Jun 10, 2023 12:00 PM",247,132,115,83,50,33,47,28,19,,,,155,71,84,,,,71,31,40,,,
"Jun 10, 2023 1:00 PM",216,119,97,80,48,32,57,31,26,,,,113,63,50,,,,79,42,37,,,
"Jun 10, 2023 2:00 PM",247,109,138,82,41,41,56,34,22,,,,122,54,68,,,,90,37,53,,,
"Jun 10, 2023 3:00 PM",180,99,81,40,16,24,49,27,22,,,,83,32,51,,,,66,26,40,,,
"Jun 10, 2023 4:00 PM",84,29,55,33,19,14,15,9,6,,,,38,18,20,,,,42,23,19,,,
"Jun 10, 2023 5:00 PM",111,65,46,38,18,20,24,15,9,,,,33,24,9,,,,47,28,19,,,
"Jun 10, 2023 6:00 PM",153,77,76,38,24,14,24,9,15,,,,49,24,25,,,,44,24,20,,,
"Jun 10, 2023 7:00 PM",128,87,41,26,16,10,18,7,11,,,,48,16,32,,,,42,13,29,,,
"Jun 10, 2023 8:00 PM",107,55,52,14,7,7,23,12,11,,,,32,16,16,,,,33,19,14,,,
"Jun 10, 2023 9:00 PM",86,42,44,12,6,6,14,4,10,,,,41,18,23,,,,25,8,17,,,
"Jun 10, 2023 10:00 PM",56,32,24,9,4,5,23,10,13,,,,33,12,21,,,,17,9,8,,,
"Jun 10, 2023 11:00 PM",40,24,16,9,2,7,14,4,10,,,,12,5,7,,,,11,7,4,,,
"Jun 11, 2023 12:00 AM",0,0,0,1,0,1,7,4,3,,,,10,5,5,,,,13,7,6,,,
"Jun 11, 2023 1:00 AM",2,2,0,1,0,1,2,0,2,,,,4,2,2,,,,9,7,2,,,
"Jun 11, 2023 2:00 AM",1,1,0,1,1,0,0,0,0,,,,2,2,0,,,,5,1,4,,,
"Jun 11, 2023 3:00 AM",0,0,0,0,0,0,0,0,0,,,,2,1,1,,,,5,5,0,,,
"Jun 11, 2023 4:00 AM",0,0,0,0,0,0,2,1,1,,,,2,2,0,,,,1,1,0,,,
"Jun 11, 2023 5:00 AM",5,2,3,4,3,1,3,1,2,,,,4,3,1,,,,1,1,0,,,
"Jun 11, 2023 6:00 AM",11,7,4,6,1,5,0,0,0,,,,13,8,5,,,,5,4,1,,,
"Jun 11, 2023 7:00 AM",50,24,26,17,10,7,7,6,1,,,,20,10,10,,,,13,4,9,,,
"Jun 11, 2023 8:00 AM",108,57,51,26,15,11,30,18,12,,,,55,35,20,,,,28,15,13,,,
"Jun 11, 2023 9:00 AM",169,104,65,61,35,26,42,28,14,,,,114,58,56,,,,32,11,21,,,
"Jun 11, 2023 10:00 AM",418,309,109,66,30,36,72,37,35,,,,137,69,68,,,,47,28,19,,,
"Jun 11, 2023 11:00 AM",452,263,189,74,46,28,46,24,22,,,,165,96,69,,,,66,40,26,,,
"Jun 11, 2023 12:00 PM",545,316,229,79,40,39,87,57,30,,,,182,101,81,,,,72,49,23,,,
"Jun 11, 2023 1:00 PM",528,293,235,89,53,36,78,48,30,,,,126,65,61,,,,74,38,36,,,
"Jun 11, 2023 2:00 PM",666,382,284,79,45,34,80,34,46,,,,154,93,61,,,,93,49,44,,,
"Jun 11, 2023 3:00 PM",589,330,259,108,66,42,110,57,53,,,,182,111,71,,,,68,37,31,,,
"Jun 11, 2023 4:00 PM",571,299,272,107,58,49,81,41,40,,,,187,92,95,,,,63,32,31,,,
"Jun 11, 2023 5:00 PM",427,215,212,137,83,54,63,33,30,,,,163,85,78,,,,63,29,34,,,
"Jun 11, 2023 6:00 PM",362,172,190,93,50,43,66,25,41,,,,106,63,43,,,,64,36,28,,,
"Jun 11, 2023 7:00 PM",239,128,111,89,45,44,49,18,31,,,,106,52,54,,,,53,28,25,,,
"Jun 11, 2023 8:00 PM",181,97,84,87,38,49,44,27,17,,,,99,43,56,,,,50,23,27,,,
"Jun 11, 2023 9:00 PM",145,68,77,55,31,24,44,17,27,,,,60,25,35,,,,36,15,21,,,
"Jun 11, 2023 10:00 PM",73,42,31,20,9,11,27,18,9,,,,60,36,24,,,,22,15,7,,,
"Jun 11, 2023 11:00 PM",17,11,6,6,0,6,6,0,6,,,,27,16,11,,,,9,3,6,,,
"Jun 12, 2023 12:00 AM",0,0,0,0,0,0,0,0,0,,,,5,3,2,,,,6,5,1,,,
"Jun 12, 2023 1:00 AM",3,1,2,1,1,0,0,0,0,,,,6,5,1,,,,0,0,0,,,
"Jun 12, 2023 2:00 AM",0,0,0,0,0,0,3,0,3,,,,1,0,1,,,,0,0,0,,,
"Jun 12, 2023 3:00 AM",1,0,1,0,0,0,0,0,0,,,,1,1,0,,,,1,1,0,,,
"Jun 12, 2023 4:00 AM",0,0,0,1,0,1,0,0,0,,,,1,0,1,,,,0,0,0,,,
"Jun 12, 2023 5:00 AM",8,5,3,6,3,3,1,1,0,,,,4,4,0,,,,2,0,2,,,
"Jun 12, 2023 6:00 AM",45,20,25,7,5,2,6,2,4,,,,20,10,10,,,,16,9,7,,,
"Jun 12, 2023 7:00 AM",78,42,36,23,14,9,17,10,7,,,,51,26,25,,,,23,10,13,,,
"Jun 12, 2023 8:00 AM",91,52,39,27,7,20,15,7,8,,,,80,40,40,,,,74,43,31,,,
"Jun 12, 2023 9:00 AM",84,47,37,34,22,12,19,16,3,,,,105,70,35,,,,56,22,34,,,
"Jun 12, 2023 10:00 AM",88,48,40,43,17,26,25,14,11,,,,60,37,23,,,,41,11,30,,,
"Jun 12, 2023 11:00 AM",103,57,46,24,11,13,20,10,10,,,,92,39,53,,,,33,13,20,,,
"Jun 12, 2023 12:00 PM",82,48,34,19,11,8,19,11,8,,,,67,24,43,,,,48,24,24,,,
"Jun 12, 2023 1:00 PM",59,34,25,14,9,5,24,11,13,,,,51,31,20,,,,43,22,21,,,
"Jun 12, 2023 2:00 PM",84,42,42,24,16,8,23,14,9,,,,57,36,21,,,,58,24,34,,,
"Jun 12, 2023 3:00 PM",115,55,60,24,14,10,15,8,7,,,,35,22,13,,,,64,27,37,,,
"Jun 12, 2023 4:00 PM",111,57,54,49,30,19,27,23,4,,,,75,38,37,,,,56,27,29,,,
"Jun 12, 2023 5:00 PM",131,63,68,49,26,23,45,22,23,,,,135,65,70,,,,64,28,36,,,
"Jun 12, 2023 6:00 PM",175,89,86,91,46,45,60,25,35,,,,117,64,53,,,,95,47,48,,,
"Jun 12, 2023 7:00 PM",258,164,94,87,56,31,64,35,29,,,,150,86,64,,,,62,26,36,,,
"Jun 12, 2023 8:00 PM",319,178,141,92,37,55,52,24,28,,,,104,50,54,,,,63,39,24,,,
"Jun 12, 2023 9:00 PM",232,118,114,52,26,26,21,12,9,,,,77,39,38,,,,31,16,15,,,
"Jun 12, 2023 10:00 PM",97,57,40,22,8,14,19,6,13,,,,38,15,23,,,,21,8,13,,,
"Jun 12, 2023 11:00 PM",19,5,14,6,1,5,4,3,1,,,,24,17,7,,,,9,7,2,,,
"Jun 13, 2023 12:00 AM",0,0,0,1,0,1,1,0,1,,,,3,2,1,,,,7,6,1,,,
"Jun 13, 2023 1:00 AM",2,0,2,0,0,0,0,0,0,,,,2,1,1,,,,0,0,0,,,
"Jun 13, 2023 2:00 AM",0,0,0,0,0,0,0,0,0,,,,0,0,0,,,,1,1,0,,,
"Jun 13, 2023 3:00 AM",0,0,0,0,0,0,0,0,0,,,,2,2,0,,,,0,0,0,,,
"Jun 13, 2023 4:00 AM",0,0,0,1,1,0,0,0,0,,,,0,0,0,,,,2,2,0,,,
"Jun 13, 2023 5:00 AM",0,0,0,1,0,1,2,2,0,,,,1,1,0,,,,4,2,2,,,
"Jun 13, 2023 6:00 AM",49,27,22,10,3,7,19,9,10,,,,25,13,12,,,,8,5,3,,,
"Jun 13, 2023 7:00 AM",84,43,41,18,8,10,6,3,3,,,,47,26,21,,,,48,22,26,,,
"Jun 13, 2023 8:00 AM",105,60,45,28,11,17,24,16,8,,,,90,41,49,,,,84,46,38,,,
"Jun 13, 2023 9:00 AM",126,68,58,46,28,18,17,9,8,,,,61,37,24,,,,53,23,30,,,
"Jun 13, 2023 10:00 AM",124,73,51,48,25,23,24,13,11,,,,66,31,35,,,,33,9,24,,,
"Jun 13, 2023 11:00 AM",149,77,72,47,29,18,32,19,13,,,,67,36,31,,,,50,25,25,,,
"Jun 13, 2023 12:00 PM",175,115,60,53,28,25,36,13,23,,,,86,41,45,,,,58,31,27,,,
"Jun 13, 2023 1:00 PM",218,115,103,70,37,33,39,22,17,,,,132,82,50,,,,79,43,36,,,
"Jun 13, 2023 2:00 PM",4,3,1,58,30,28,38,20,18,,,,194,109,85,,,,95,49,46,,,
"Jun 13, 2023 3:00 PM",259,161,98,55,27,28,59,27,32,,,,102,54,48,,,,88,39,49,,,
"Jun 13, 2023 4:00 PM",233,132,101,43,30,13,50,28,22,,,,90,39,51,,,,74,41,33,,,
"Jun 13, 2023 5:00 PM",281,160,121,76,53,23,49,23,26,,,,119,71,48,,,,89,57,32,,,
"Jun 13, 2023 6:00 PM",332,183,149,134,82,52,77,49,28,,,,164,104,60,,,,111,63,48,,,
"Jun 13, 2023 7:00 PM",356,203,153,162,88,74,82,43,39,,,,256,142,114,,,,119,58,61,,,
"Jun 13, 2023 8:00 PM",456,232,224,233,119,114,77,43,34,,,,190,80,110,,,,94,43,51,,,
"Jun 13, 2023 9:00 PM",319,168,151,158,71,87,57,26,31,,,,119,63,56,,,,50,19,31,,,
"Jun 13, 2023 10:00 PM",144,81,63,74,19,55,31,12,19,,,,73,38,35,,,,28,9,19,,,
"Jun 13, 2023 11:00 PM",28,17,11,15,10,5,8,4,4,,,,22,14,8,,,,21,15,6,,,
"Jun 14, 2023 12:00 AM",0,0,0,0,0,0,2,1,1,,,,13,9,4,,,,9,7,2,,,
"Jun 14, 2023 1:00 AM",1,1,0,0,0,0,2,0,2,,,,8,5,3,,,,2,2,0,,,
"Jun 14, 2023 2:00 AM",5,1,4,0,0,0,0,0,0,,,,2,1,1,,,,0,0,0,,,
"Jun 14, 2023 3:00 AM",0,0,0,0,0,0,0,0,0,,,,0,0,0,,,,2,1,1,,,
"Jun 14, 2023 4:00 AM",0,0,0,4,2,2,0,0,0,,,,3,2,1,,,,2,1,1,,,
"Jun 14, 2023 5:00 AM",15,9,6,7,2,5,4,1,3,,,,2,2,0,,,,3,1,2,,,
"Jun 14, 2023 6:00 AM",75,43,32,24,7,17,16,7,9,,,,41,22,19,,,,16,13,3,,,
"Jun 14, 2023 7:00 AM",97,54,43,33,14,19,21,10,11,,,,76,48,28,,,,42,20,22,,,
"Jun 14, 2023 8:00 AM",91,52,39,59,21,38,37,12,25,,,,121,60,61,,,,72,35,37,,,
"Jun 14, 2023 9:00 AM",126,66,60,68,36,32,29,16,13,,,,86,36,50,,,,64,32,32,,,
"Jun 14, 2023 10:00 AM",154,99,55,68,37,31,32,12,20,,,,90,47,43,,,,58,34,24,,,
"Jun 14, 2023 11:00 AM",203,110,93,67,33,34,37,19,18,,,,87,45,42,,,,54,31,23,,,
"Jun 14, 2023 12:00 PM",228,147,81,75,46,29,54,27,27,,,,123,80,43,,,,41,20,21,,,
"Jun 14, 2023 1:00 PM",273,158,115,120,59,61,46,25,21,,,,211,133,78,,,,62,33,29,,,
"Jun 14, 2023 2:00 PM",207,126,81,55,24,31,33,15,18,,,,171,64,107,,,,70,41,29,,,
"Jun 14, 2023 3:00 PM",283,153,130,53,33,20,47,30,17,,,,93,50,43,,,,61,30,31,,,
"Jun 14, 2023 4:00 PM",291,159,132,122,60,62,44,19,25,,,,115,56,59,,,,88,45,43,,,
"Jun 14, 2023 5:00 PM",332,170,162,88,47,41,68,36,32,,,,139,65,74,,,,95,60,35,,,
"Jun 14, 2023 6:00 PM",268,136,132,112,66,46,106,42,64,,,,148,87,61,,,,84,53,31,,,
"Jun 14, 2023 7:00 PM",417,222,195,198,95,103,60,33,27,,,,143,75,68,,,,89,42,47,,,
"Jun 14, 2023 8:00 PM",383,200,183,164,83,81,63,24,39,,,,131,58,73,,,,76,38,38,,,
"Jun 14, 2023 9:00 PM",237,115,122,135,49,86,46,20,26,,,,138,57,81,,,,44,26,18,,,
"Jun 14, 2023 10:00 PM",106,51,55,47,5,42,33,17,16,,,,132,60,72,,,,27,9,18,,,
"Jun 14, 2023 11:00 PM",25,13,12,9,4,5,7,0,7,,,,65,24,41,,,,16,5,11,,,
"Jun 15, 2023 12:00 AM",0,0,0,1,0,1,1,0,1,,,,13,9,4,,,,3,3,0,,,
"Jun 15, 2023 1:00 AM",1,1,0,0,0,0,0,0,0,,,,4,3,1,,,,6,4,2,,,
"Jun 15, 2023 2:00 AM",0,0,0,0,0,0,0,0,0,,,,8,2,6,,,,6,4,2,,,
"Jun 15, 2023 3:00 AM",1,1,0,0,0,0,0,0,0,,,,0,0,0,,,,3,2,1,,,
"Jun 15, 2023 4:00 AM",1,0,1,2,2,0,0,0,0,,,,0,0,0,,,,0,0,0,,,
"Jun 15, 2023 5:00 AM",15,5,10,2,1,1,3,1,2,,,,5,0,5,,,,7,4,3,,,
"Jun 15, 2023 6:00 AM",79,33,46,20,10,10,17,9,8,,,,34,18,16,,,,18,13,5,,,
"Jun 15, 2023 7:00 AM",91,50,41,31,14,17,29,13,16,,,,120,54,66,,,,39,20,19,,,
"Jun 15, 2023 8:00 AM",97,54,43,51,12,39,31,14,17,,,,137,69,68,,,,83,47,36,,,
"Jun 15, 2023 9:00 AM",111,59,52,43,24,19,26,16,10,,,,129,71,58,,,,48,25,23,,,
"Jun 15, 2023 10:00 AM",127,76,51,45,27,18,31,22,9,,,,86,50,36,,,,41,22,19,,,
"Jun 15, 2023 11:00 AM",219,139,80,61,46,15,40,23,17,,,,86,47,39,,,,46,21,25,,,
"Jun 15, 2023 12:00 PM",210,122,88,62,25,37,50,25,25,,,,124,58,66,,,,56,28,28,,,
"Jun 15, 2023 1:00 PM",222,128,94,62,37,25,51,24,27,,,,172,83,89,,,,62,27,35,,,
"Jun 15, 2023 2:00 PM",199,124,75,59,34,25,46,22,24,,,,149,70,79,,,,123,65,58,,,
"Jun 15, 2023 3:00 PM",269,145,124,34,13,21,30,18,12,,,,111,44,67,,,,85,47,38,,,
"Jun 15, 2023 4:00 PM",303,153,150,57,25,32,42,28,14,,,,119,67,52,,,,67,43,24,,,
"Jun 15, 2023 5:00 PM",222,130,92,66,33,33,55,27,28,,,,146,75,71,,,,89,45,44,,,
"Jun 15, 2023 6:00 PM",305,161,144,113,74,39,64,29,35,,,,165,97,68,,,,88,54,34,,,
"Jun 15, 2023 7:00 PM",346,196,150,96,62,34,45,33,12,,,,171,91,80,,,,92,44,48,,,
"Jun 15, 2023 8:00 PM",307,193,114,127,57,70,49,23,26,,,,101,49,52,,,,62,24,38,,,
"Jun 15, 2023 9:00 PM",214,96,118,64,24,40,44,21,23,,,,84,26,58,,,,47,17,30,,,
"Jun 15, 2023 10:00 PM",82,48,34,23,11,12,24,10,14,,,,78,41,37,,,,33,16,17,,,
"Jun 15, 2023 11:00 PM",17,10,7,10,3,7,9,2,7,,,,56,25,31,,,,14,5,9,,,
"Jun 16, 2023 12:00 AM",0,0,0,1,0,1,4,2,2,,,,12,1,11,,,,7,6,1,,,
"Jun 16, 2023 1:00 AM",6,2,4,0,0,0,4,0,4,,,,5,2,3,,,,8,6,2,,,
"Jun 16, 2023 2:00 AM",3,2,1,1,1,0,0,0,0,,,,1,1,0,,,,7,3,4,,,
"Jun 16, 2023 3:00 AM",0,0,0,0,0,0,0,0,0,,,,3,3,0,,,,2,2,0,,,
"Jun 16, 2023 4:00 AM",1,0,1,4,3,1,1,0,1,,,,1,1,0,,,,1,1,0,,,
"Jun 16, 2023 5:00 AM",16,8,8,1,0,1,2,2,0,,,,7,6,1,,,,6,3,3,,,
"Jun 16, 2023 6:00 AM",49,23,26,13,7,6,3,1,2,,,,44,20,24,,,,9,6,3,,,
"Jun 16, 2023 7:00 AM",101,63,38,29,16,13,19,12,7,,,,126,45,81,,,,28,15,13,,,
"Jun 16, 2023 8:00 AM",106,51,55,56,21,35,36,14,22,,,,139,66,73,,,,76,35,41,,,
"Jun 16, 2023 9:00 AM",225,173,52,47,25,22,37,23,14,,,,98,46,52,,,,43,18,25,,,
"Jun 16, 2023 10:00 AM",144,91,53,54,34,20,35,16,19,,,,112,73,39,,,,27,14,13,,,
"Jun 16, 2023 11:00 AM",188,133,55,72,43,29,39,23,16,,,,157,89,68,,,,53,26,27,,,
"Jun 16, 2023 12:00 PM",139,75,64,39,14,25,19,10,9,,,,78,39,39,,,,46,23,23,,,
"Jun 16, 2023 1:00 PM",141,68,73,32,21,11,40,24,16,,,,98,59,39,,,,47,23,24,,,
"Jun 16, 2023 2:00 PM",151,79,72,49,29,20,42,25,17,,,,187,101,86,,,,81,33,48,,,
"Jun 16, 2023 3:00 PM",103,59,44,42,24,18,21,13,8,,,,203,110,93,,,,46,20,26,,,
"Jun 16, 2023 4:00 PM",143,58,85,34,13,21,31,24,7,,,,63,28,35,,,,48,23,25,,,
"Jun 16, 2023 5:00 PM",145,77,68,38,17,21,30,19,11,,,,103,51,52,,,,64,32,32,,,
"Jun 16, 2023 6:00 PM",125,68,57,29,15,14,36,19,17,,,,65,33,32,,,,83,49,34,,,
"Jun 16, 2023 7:00 PM",72,42,30,14,7,7,26,14,12,,,,54,20,34,,,,62,28,34,,,
"Jun 16, 2023 8:00 PM",72,44,28,14,8,6,15,10,5,,,,33,20,13,,,,33,15,18,,,
"Jun 16, 2023 9:00 PM",85,35,50,11,3,8,12,4,8,,,,20,11,9,,,,30,19,11,,,
"Jun 16, 2023 10:00 PM",41,25,16,16,5,11,23,13,10,,,,10,5,5,,,,25,15,10,,,
"Jun 16, 2023 11:00 PM",13,6,7,4,2,2,8,3,5,,,,11,10,1,,,,7,1,6,,,
"Jun 17, 2023 12:00 AM",2,2,0,0,0,0,1,0,1,,,,14,8,6,,,,6,4,2,,,
"Jun 17, 2023 1:00 AM",2,2,0,0,0,0,1,0,1,,,,9,6,3,,,,13,11,2,,,
"Jun 17, 2023 2:00 AM",0,0,0,1,1,0,1,0,1,,,,21,18,3,,,,3,2,1,,,
"Jun 17, 2023 3:00 AM",0,0,0,0,0,0,0,0,0,,,,0,0,0,,,,2,1,1,,,
"Jun 17, 2023 4:00 AM",3,0,3,0,0,0,0,0,0,,,,0,0,0,,,,2,2,0,,,
"Jun 17, 2023 5:00 AM",2,1,1,5,5,0,5,3,2,,,,0,0,0,,,,2,1,1,,,
"Jun 17, 2023 6:00 AM",25,14,11,2,2,0,5,3,2,,,,4,3,1,,,,1,0,1,,,
"Jun 17, 2023 7:00 AM",60,39,21,11,8,3,12,9,3,,,,20,12,8,,,,22,12,10,,,
"Jun 17, 2023 8:00 AM",160,109,51,36,16,20,42,18,24,,,,42,26,16,,,,31,19,12,,,
"Jun 17, 2023 9:00 AM",116,72,44,55,31,24,45,25,20,,,,114,73,41,,,,46,22,24,,,
"Jun 17, 2023 10:00 AM",112,59,53,37,17,20,30,14,16,,,,49,29,20,,,,41,16,25,,,
"Jun 17, 2023 11:00 AM",53,36,17,36,23,13,29,22,7,,,,46,25,21,,,,23,12,11,,,
"Jun 17, 2023 12:00 PM",113,54,59,39,20,19,31,21,10,,,,63,36,27,,,,40,14,26,,,
"Jun 17, 2023 1:00 PM",254,165,89,64,30,34,34,26,8,,,,78,42,36,,,,34,19,15,,,
"Jun 17, 2023 2:00 PM",276,163,113,42,23,19,33,23,10,,,,182,96,86,,,,46,27,19,,,
"Jun 17, 2023 3:00 PM",393,238,155,49,34,15,63,37,26,,,,135,77,58,,,,51,21,30,,,
"Jun 17, 2023 4:00 PM",269,163,106,62,24,38,53,25,28,,,,182,84,98,,,,45,22,23,,,
"Jun 17, 2023 5:00 PM",247,120,127,58,36,22,36,17,19,,,,186,84,102,,,,64,29,35,,,
"Jun 17, 2023 6:00 PM",140,87,53,41,26,15,33,20,13,,,,99,38,61,,,,46,23,23,,,
"Jun 17, 2023 7:00 PM",124,68,56,27,15,12,33,17,16,,,,77,31,46,,,,43,20,23,,,
"Jun 17, 2023 8:00 PM",89,51,38,16,1,15,21,7,14,,,,94,45,49,,,,60,34,26,,,
"Jun 17, 2023 9:00 PM",61,31,30,24,9,15,13,8,5,,,,38,18,20,,,,34,17,17,,,
"Jun 17, 2023 10:00 PM",49,22,27,13,3,10,19,15,4,,,,34,11,23,,,,26,7,19,,,
"Jun 17, 2023 11:00 PM",21,10,11,7,4,3,11,3,8,,,,11,5,6,,,,4,4,0,,,
"Jun 18, 2023 12:00 AM",0,0,0,0,0,0,8,5,3,,,,15,2,13,,,,4,4,0,,,
"Jun 18, 2023 1:00 AM",9,7,2,3,0,3,10,6,4,,,,21,9,12,,,,16,14,2,,,
"Jun 18, 2023 2:00 AM",1,1,0,1,0,1,1,1,0,,,,39,27,12,,,,14,6,8,,,
"Jun 18, 2023 3:00 AM",6,5,1,0,0,0,0,0,0,,,,31,29,2,,,,2,1,1,,,
"Jun 18, 2023 4:00 AM",1,0,1,0,0,0,0,0,0,,,,1,1,0,,,,0,0,0,,,
"Jun 18, 2023 5:00 AM",3,2,1,0,0,0,0,0,0,,,,3,2,1,,,,4,3,1,,,
"Jun 18, 2023 6:00 AM",12,6,6,10,7,3,4,3,1,,,,14,6,8,,,,5,2,3,,,
"Jun 18, 2023 7:00 AM",38,18,20,16,14,2,14,10,4,,,,27,17,10,,,,14,9,5,,,
"Jun 18, 2023 8:00 AM",81,32,49,37,25,12,27,13,14,,,,57,40,17,,,,16,7,9,,,
"Jun 18, 2023 9:00 AM",154,82,72,78,42,36,44,20,24,,,,154,50,104,,,,28,13,15,,,
"Jun 18, 2023 10:00 AM",250,167,83,75,45,30,58,26,32,,,,161,96,65,,,,54,25,29,,,
"Jun 18, 2023 11:00 AM",452,254,198,86,52,34,67,41,26,,,,159,84,75,,,,47,26,21,,,
"Jun 18, 2023 12:00 PM",605,395,210,117,71,46,64,36,28,,,,172,105,67,,,,51,30,21,,,
"Jun 18, 2023 1:00 PM",567,336,231,149,76,73,68,39,29,,,,189,129,60,,,,62,27,35,,,
"Jun 18, 2023 2:00 PM",645,424,221,126,71,55,93,63,30,,,,390,275,115,,,,43,25,18,,,
"Jun 18, 2023 3:00 PM",634,358,276,118,66,52,79,36,43,,,,204,96,108,,,,62,30,32,,,
"Jun 18, 2023 4:00 PM",577,305,272,79,40,39,87,41,46,,,,193,83,110,,,,45,23,22,,,
"Jun 18, 2023 5:00 PM",446,213,233,67,27,40,77,30,47,,,,205,78,127,,,,65,33,32,,,
"Jun 18, 2023 6:00 PM",279,164,115,106,84,22,40,18,22,,,,134,50,84,,,,61,35,26,,,
"Jun 18, 2023 7:00 PM",173,93,80,41,20,21,36,20,16,,,,148,55,93,,,,39,19,20,,,
"Jun 18, 2023 8:00 PM",156,92,64,80,16,64,25,8,17,,,,132,42,90,,,,22,11,11,,,
"Jun 18, 2023 9:00 PM",80,34,46,28,14,14,30,15,15,,,,47,22,25,,,,16,9,7,,,
"Jun 18, 2023 10:00 PM",63,28,35,20,10,10,12,4,8,,,,75,21,54,,,,15,9,6,,,
"Jun 18, 2023 11:00 PM",8,5,3,5,2,3,2,0,2,,,,81,19,62,,,,11,9,2,,,
"Jun 19, 2023 12:00 AM",0,0,0,1,0,1,1,0,1,,,,12,2,10,,,,12,8,4,,,
"Jun 19, 2023 1:00 AM",0,0,0,0,0,0,0,0,0,,,,1,1,0,,,,5,0,5,,,
"Jun 19, 2023 2:00 AM",0,0,0,0,0,0,0,0,0,,,,1,0,1,,,,2,1,1,,,
"Jun 19, 2023 3:00 AM",0,0,0,0,0,0,1,0,1,,,,0,0,0,,,,5,5,0,,,
"Jun 19, 2023 4:00 AM",3,2,1,1,1,0,0,0,0,,,,0,0,0,,,,0,0,0,,,
"Jun 19, 2023 5:00 AM",8,3,5,3,3,0,0,0,0,,,,9,5,4,,,,3,1,2,,,
"Jun 19, 2023 6:00 AM",48,25,23,16,5,11,15,9,6,,,,38,21,17,,,,12,6,6,,,
"Jun 19, 2023 7:00 AM",94,56,38,19,12,7,28,11,17,,,,113,68,45,,,,47,23,24,,,
"Jun 19, 2023 8:00 AM",92,48,44,37,17,20,16,8,8,,,,112,53,59,,,,47,25,22,,,
"Jun 19, 2023 9:00 AM",138,83,55,29,14,15,36,27,9,,,,99,60,39,,,,52,26,26,,,
"Jun 19, 2023 10:00 AM",96,56,40,40,18,22,40,18,22,,,,138,89,49,,,,38,13,25,,,
"Jun 19, 2023 11:00 AM",133,73,60,34,10,24,35,14,21,,,,84,43,41,,,,50,18,32,,,
"Jun 19, 2023 12:00 PM",152,97,55,31,17,14,29,20,9,,,,90,40,50,,,,48,22,26,,,
"Jun 19, 2023 1:00 PM",181,107,74,68,39,29,52,28,24,,,,150,86,64,,,,49,26,23,,,
"Jun 19, 2023 2:00 PM",125,70,55,43,34,9,32,23,9,,,,183,81,102,,,,49,20,29,,,
"Jun 19, 2023 3:00 PM",108,54,54,56,35,21,20,11,9,,,,127,44,83,,,,58,29,29,,,
"Jun 19, 2023 4:00 PM",96,41,55,45,23,22,27,13,14,,,,156,72,84,,,,51,26,25,,,
"Jun 19, 2023 5:00 PM",127,81,46,36,23,13,56,29,27,,,,185,85,100,,,,67,36,31,,,
"Jun 19, 2023 6:00 PM",223,132,91,70,41,29,71,41,30,,,,232,125,107,,,,74,29,45,,,
"Jun 19, 2023 7:00 PM",233,124,109,60,33,27,46,34,12,,,,186,70,116,,,,67,34,33,,,
"Jun 19, 2023 8:00 PM",242,131,111,67,42,25,39,26,13,,,,179,100,79,,,,62,34,28,,,
"Jun 19, 2023 9:00 PM",189,105,84,47,23,24,48,10,38,,,,164,98,66,,,,35,14,21,,,
"Jun 19, 2023 10:00 PM",78,32,46,34,17,17,24,5,19,,,,161,111,50,,,,18,7,11,,,
"Jun 19, 2023 11:00 PM",15,9,6,2,2,0,4,0,4,,,,81,55,26,,,,13,8,5,,,
"Jun 20, 2023 12:00 AM",0,0,0,0,0,0,1,1,0,,,,56,28,28,,,,3,3,0,,,
"Jun 20, 2023 1:00 AM",0,0,0,2,2,0,1,1,0,,,,26,23,3,,,,5,4,1,,,
"Jun 20, 2023 2:00 AM",0,0,0,0,0,0,0,0,0,,,,8,2,6,,,,3,1,2,,,
"Jun 20, 2023 3:00 AM",0,0,0,0,0,0,0,0,0,,,,2,1,1,,,,0,0,0,,,
"Jun 20, 2023 4:00 AM",1,1,0,0,0,0,0,0,0,,,,0,0,0,,,,1,1,0,,,
"Jun 20, 2023 5:00 AM",17,4,13,0,0,0,2,1,1,,,,7,4,3,,,,2,2,0,,,
"Jun 20, 2023 6:00 AM",59,32,27,12,6,6,15,8,7,,,,48,26,22,,,,11,6,5,,,
"Jun 20, 2023 7:00 AM",77,39,38,24,9,15,15,7,8,,,,80,34,46,,,,29,14,15,,,
"Jun 20, 2023 8:00 AM",93,49,44,40,14,26,26,14,12,,,,146,70,76,,,,115,65,50,,,
"Jun 20, 2023 9:00 AM",207,155,52,44,21,23,38,24,14,,,,181,101,80,,,,58,23,35,,,
"Jun 20, 2023 10:00 AM",128,84,44,36,21,15,30,21,9,,,,98,30,68,,,,51,29,22,,,
"Jun 20, 2023 11:00 AM",137,75,62,18,4,14,18,6,12,,,,23,9,14,,,,66,32,34,,,
"Jun 20, 2023 12:00 PM",154,87,67,13,10,3,18,8,10,,,,12,7,5,,,,68,28,40,,,
"Jun 20, 2023 1:00 PM",42,22,20,12,8,4,19,12,7,,,,21,15,6,,,,28,12,16,,,
"Jun 20, 2023 2:00 PM",39,16,23,11,5,6,11,8,3,,,,49,25,24,,,,63,26,37,,,
"Jun 20, 2023 3:00 PM",73,50,23,19,14,5,29,10,19,,,,33,22,11,,,,31,13,18,,,
"Jun 20, 2023 4:00 PM",87,46,41,35,15,20,21,16,5,,,,55,26,29,,,,37,20,17,,,
"Jun 20, 2023 5:00 PM",69,28,41,32,14,18,51,30,21,,,,113,55,58,,,,68,31,37,,,
"Jun 20, 2023 6:00 PM",59,37,22,36,28,8,22,12,10,,,,80,43,37,,,,53,25,28,,,
"Jun 20, 2023 7:00 PM",187,94,93,30,13,17,37,25,12,,,,91,47,44,,,,52,28,24,,,
"Jun 20, 2023 8:00 PM",215,128,87,53,24,29,32,16,16,,,,96,49,47,,,,44,14,30,,,
"Jun 20, 2023 9:00 PM",168,95,73,43,12,31,43,19,24,,,,117,57,60,,,,34,14,20,,,
"Jun 20, 2023 10:00 PM",77,42,35,31,16,15,20,9,11,,,,88,27,61,,,,24,10,14,,,
"Jun 20, 2023 11:00 PM",21,15,6,10,7,3,7,0,7,,,,48,19,29,,,,11,6,5,,,
"Jun 21, 2023 12:00 AM",0,0,0,0,0,0,3,0,3,,,,12,5,7,,,,5,4,1,,,
"Jun 21, 2023 1:00 AM",0,0,0,2,0,2,0,0,0,,,,1,0,1,,,,1,0,1,,,
"Jun 21, 2023 2:00 AM",0,0,0,0,0,0,0,0,0,,,,5,3,2,,,,1,0,1,,,
"Jun 21, 2023 3:00 AM",0,0,0,0,0,0,0,0,0,,,,0,0,0,,,,1,1,0,,,
"Jun 21, 2023 4:00 AM",3,2,1,1,1,0,0,0,0,,,,3,2,1,,,,3,2,1,,,
"Jun 21, 2023 5:00 AM",18,8,10,4,3,1,1,1,0,,,,12,3,9,,,,4,2,2,,,
"Jun 21, 2023 6:00 AM",50,23,27,9,3,6,11,9,2,,,,51,23,28,,,,13,7,6,,,
"Jun 21, 2023 7:00 AM",79,46,33,28,15,13,19,9,10,,,,134,74,60,,,,26,14,12,,,
"Jun 21, 2023 8:00 AM",103,47,56,36,14,22,33,15,18,,,,222,93,129,,,,74,36,38,,,
"Jun 21, 2023 9:00 AM",89,42,47,42,18,24,42,28,14,,,,178,115,63,,,,78,47,31,,,
"Jun 21, 2023 10:00 AM",124,62,62,38,17,21,29,15,14,,,,269,136,133,,,,60,28,32,,,
"Jun 21, 2023 11:00 AM",139,87,52,44,33,11,27,13,14,,,,155,77,78,,,,87,36,51,,,
"Jun 21, 2023 12:00 PM",202,124,78,52,24,28,41,28,13,,,,181,83,98,,,,56,28,28,,,
"Jun 21, 2023 1:00 PM",257,141,116,68,36,32,41,20,21,,,,211,92,119,,,,77,42,35,,,
"Jun 21, 2023 2:00 PM",192,87,105,44,20,24,37,26,11,,,,171,96,75,,,,78,43,35,,,
"Jun 21, 2023 3:00 PM",167,97,70,55,41,14,29,20,9,,,,187,87,100,,,,81,33,48,,,
"Jun 21, 2023 4:00 PM",229,101,128,33,12,21,43,26,17,,,,327,149,178,,,,72,32,40,,,
"Jun 21, 2023 5:00 PM",187,101,86,56,47,9,50,31,19,,,,350,135,215,,,,65,35,30,,,
"Jun 21, 2023 6:00 PM",210,120,90,86,51,35,72,39,33,,,,499,186,313,,,,162,103,59,,,
"Jun 21, 2023 7:00 PM",259,148,111,87,50,37,47,25,22,,,,399,190,209,,,,125,46,79,,,
"Jun 21, 2023 8:00 PM",289,181,108,58,28,30,39,16,23,,,,318,115,203,,,,118,49,69,,,
"Jun 21, 2023 9:00 PM",292,150,142,53,29,24,42,19,23,,,,397,113,284,,,,64,16,48,,,
"Jun 21, 2023 10:00 PM",97,49,48,33,10,23,30,14,16,,,,296,78,218,,,,35,19,16,,,
"Jun 21, 2023 11:00 PM",29,17,12,5,4,1,27,18,9,,,,76,28,48,,,,27,15,12,,,
"Jun 22, 2023 12:00 AM",0,0,0,1,0,1,8,3,5,,,,76,39,37,,,,18,7,11,,,
"Jun 22, 2023 1:00 AM",4,4,0,2,0,2,3,3,0,,,,44,17,27,,,,3,2,1,,,
"Jun 22, 2023 2:00 AM",0,0,0,0,0,0,1,1,0,,,,2,2,0,,,,4,3,1,,,
"Jun 22, 2023 3:00 AM",4,4,0,0,0,0,0,0,0,,,,0,0,0,,,,6,4,2,,,
"Jun 22, 2023 4:00 AM",1,0,1,1,1,0,0,0,0,,,,2,2,0,,,,3,2,1,,,
"Jun 22, 2023 5:00 AM",19,8,11,0,0,0,0,0,0,,,,11,8,3,,,,3,2,1,,,
"Jun 22, 2023 6:00 AM",64,33,31,13,7,6,23,11,12,,,,71,41,30,,,,15,10,5,,,
"Jun 22, 2023 7:00 AM",80,43,37,30,16,14,27,12,15,,,,220,105,115,,,,24,8,16,,,
"Jun 22, 2023 8:00 AM",93,49,44,46,21,25,41,22,19,,,,265,116,149,,,,66,37,29,,,
"Jun 22, 2023 9:00 AM",136,68,68,30,17,13,28,10,18,,,,288,86,202,,,,53,24,29,,,
"Jun 22, 2023 10:00 AM",190,114,76,35,18,17,26,9,17,,,,340,182,158,,,,41,22,19,,,
"Jun 22, 2023 11:00 AM",182,107,75,42,16,26,35,21,14,,,,311,110,201,,,,51,31,20,,,
"Jun 22, 2023 12:00 PM",313,145,168,58,33,25,35,21,14,,,,297,132,165,,,,60,31,29,,,
"Jun 22, 2023 1:00 PM",260,137,123,63,33,30,45,25,20,,,,339,148,191,,,,77,49,28,,,
"Jun 22, 2023 2:00 PM",205,107,98,62,37,25,38,14,24,,,,310,149,161,,,,106,51,55,,,
"Jun 22, 2023 3:00 PM",203,98,105,47,22,25,21,13,8,,,,176,77,99,,,,103,48,55,,,
"Jun 22, 2023 4:00 PM",238,111,127,55,31,24,53,24,29,,,,266,126,140,,,,82,42,40,,,
"Jun 22, 2023 5:00 PM",216,103,113,56,21,35,73,41,32,,,,372,172,200,,,,75,32,43,,,
"Jun 22, 2023 6:00 PM",177,88,89,78,46,32,47,22,25,,,,510,243,267,,,,103,57,46,,,
"Jun 22, 2023 7:00 PM",211,109,102,51,33,18,46,25,21,,,,384,148,236,,,,67,36,31,,,
"Jun 22, 2023 8:00 PM",169,95,74,72,39,33,56,21,35,,,,168,75,93,,,,57,32,25,,,
"Jun 22, 2023 9:00 PM",119,66,53,33,14,19,19,10,9,,,,78,23,55,,,,52,14,38,,,
"Jun 22, 2023 10:00 PM",51,25,26,15,7,8,22,10,12,,,,289,92,197,,,,31,19,12,,,
"Jun 22, 2023 11:00 PM",6,4,2,15,5,10,6,5,1,,,,82,47,35,,,,32,10,22,,,
"Jun 23, 2023 12:00 AM",0,0,0,0,0,0,7,3,4,,,,46,31,15,,,,8,5,3,,,
"Jun 23, 2023 1:00 AM",4,4,0,0,0,0,1,0,1,,,,12,8,4,,,,5,5,0,,,
"Jun 23, 2023 2:00 AM",3,3,0,2,1,1,0,0,0,,,,0,0,0,,,,1,1,0,,,
"Jun 23, 2023 3:00 AM",1,1,0,0,0,0,2,0,2,,,,0,0,0,,,,1,1,0,,,
"Jun 23, 2023 4:00 AM",2,1,1,1,1,0,0,0,0,,,,0,0,0,,,,3,1,2,,,
"Jun 23, 2023 5:00 AM",4,1,3,0,0,0,0,0,0,,,,11,5,6,,,,4,3,1,,,
"Jun 23, 2023 6:00 AM",28,13,15,8,4,4,12,10,2,,,,65,33,32,,,,8,4,4,,,
"Jun 23, 2023 7:00 AM",37,23,14,12,5,7,10,5,5,,,,80,42,38,,,,21,9,12,,,
"Jun 23, 2023 8:00 AM",43,24,19,24,8,16,26,10,16,,,,114,53,61,,,,38,15,23,,,
"Jun 23, 2023 9:00 AM",66,35,31,27,16,11,22,12,10,,,,122,66,56,,,,33,10,23,,,
"Jun 23, 2023 10:00 AM",82,45,37,41,32,9,31,18,13,,,,66,43,23,,,,37,16,21,,,
"Jun 23, 2023 11:00 AM",104,56,48,32,21,11,38,28,10,,,,68,34,34,,,,43,17,26,,,
"Jun 23, 2023 12:00 PM",114,62,52,19,5,14,32,12,20,,,,81,32,49,,,,53,28,25,,,
"Jun 23, 2023 1:00 PM",131,74,57,36,18,18,32,17,15,,,,123,62,61,,,,54,20,34,,,
"Jun 23, 2023 2:00 PM",164,93,71,24,15,9,17,8,9,,,,124,70,54,,,,92,44,48,,,
"Jun 23, 2023 3:00 PM",116,57,59,37,21,16,33,17,16,,,,123,53,70,,,,47,21,26,,,
"Jun 23, 2023 4:00 PM",122,64,58,31,14,17,32,10,22,,,,266,110,156,,,,64,33,31,,,
"Jun 23, 2023 5:00 PM",108,55,53,34,24,10,46,18,28,,,,323,138,185,,,,51,26,25,,,
"Jun 23, 2023 6:00 PM",146,80,66,77,62,15,28,19,9,,,,286,134,152,,,,73,35,38,,,
"Jun 23, 2023 7:00 PM",146,102,44,43,26,17,33,11,22,,,,247,114,133,,,,70,36,34,,,
"Jun 23, 2023 8:00 PM",134,76,58,70,21,49,39,18,21,,,,281,140,141,,,,45,30,15,,,
"Jun 23, 2023 9:00 PM",102,50,52,31,20,11,38,17,21,,,,289,116,173,,,,44,24,20,,,
"Jun 23, 2023 10:00 PM",82,43,39,18,6,12,18,5,13,,,,426,168,258,,,,34,14,20,,,
"Jun 23, 2023 11:00 PM",27,17,10,12,4,8,17,9,8,,,,72,27,45,,,,18,13,5,,,
"Jun 24, 2023 12:00 AM",0,0,0,0,0,0,3,0,3,,,,312,79,233,,,,10,8,2,,,
"Jun 24, 2023 1:00 AM",5,4,1,3,1,2,0,0,0,,,,1,0,1,,,,9,6,3,,,
"Jun 24, 2023 2:00 AM",1,1,0,1,0,1,1,0,1,,,,45,26,19,,,,4,3,1,,,
"Jun 24, 2023 3:00 AM",0,0,0,0,0,0,1,0,1,,,,0,0,0,,,,11,4,7,,,
"Jun 24, 2023 4:00 AM",12,7,5,1,0,1,2,0,2,,,,2,1,1,,,,12,5,7,,,
"Jun 24, 2023 5:00 AM",8,4,4,4,4,0,6,4,2,,,,5,4,1,,,,8,2,6,,,
"Jun 24, 2023 6:00 AM",21,8,13,8,5,3,6,6,0,,,,51,16,35,,,,5,3,2,,,
"Jun 24, 2023 7:00 AM",70,46,24,29,24,5,11,7,4,,,,60,30,30,,,,27,12,15,,,
"Jun 24, 2023 8:00 AM",140,84,56,42,21,21,24,13,11,,,,118,73,45,,,,19,11,8,,,
"Jun 24, 2023 9:00 AM",166,96,70,40,20,20,29,19,10,,,,126,78,48,,,,47,20,27,,,
"Jun 24, 2023 10:00 AM",210,131,79,81,54,27,58,34,24,,,,174,119,55,,,,67,44,23,,,
"Jun 24, 2023 11:00 AM",243,132,111,82,43,39,59,34,25,,,,188,103,85,,,,113,69,44,,,
"Jun 24, 2023 12:00 PM",316,214,102,80,42,38,57,30,27,,,,241,137,104,,,,85,46,39,,,
"Jun 24, 2023 1:00 PM",431,298,133,78,40,38,50,20,30,,,,324,165,159,,,,82,32,50,,,
"Jun 24, 2023 2:00 PM",498,336,162,86,47,39,100,39,61,,,,323,145,178,,,,46,27,19,,,
"Jun 24, 2023 3:00 PM",654,400,254,132,73,59,102,44,58,,,,243,123,120,,,,43,27,16,,,
"Jun 24, 2023 4:00 PM",629,333,296,172,85,87,107,55,52,,,,164,85,79,,,,62,37,25,,,
"Jun 24, 2023 5:00 PM",478,222,256,117,46,71,93,48,45,,,,372,185,187,,,,63,38,25,,,
"Jun 24, 2023 6:00 PM",323,138,185,100,31,69,67,30,37,,,,732,435,297,,,,61,34,27,,,
"Jun 24, 2023 7:00 PM",264,116,148,87,58,29,52,35,17,,,,275,167,108,,,,58,36,22,,,
"Jun 24, 2023 8:00 PM",157,81,76,72,23,49,36,22,14,,,,97,47,50,,,,32,8,24,,,
"Jun 24, 2023 9:00 PM",101,57,44,17,10,7,40,21,19,,,,78,43,35,,,,20,14,6,,,
"Jun 24, 2023 10:00 PM",54,29,25,13,5,8,21,11,10,,,,352,63,289,,,,24,6,18,,,
"Jun 24, 2023 11:00 PM",18,11,7,7,2,5,6,1,5,,,,240,56,184,,,,12,6,6,,,
"Jun 25, 2023 12:00 AM",0,0,0,1,1,0,7,3,4,,,,140,61,79,,,,11,10,1,,,
"Jun 25, 2023 1:00 AM",2,2,0,2,0,2,6,0,6,,,,75,67,8,,,,25,23,2,,,
"Jun 25, 2023 2:00 AM",3,2,1,3,0,3,3,3,0,,,,0,0,0,,,,14,10,4,,,
"Jun 25, 2023 3:00 AM",0,0,0,0,0,0,0,0,0,,,,28,18,10,,,,1,1,0,,,
"Jun 25, 2023 4:00 AM",0,0,0,0,0,0,0,0,0,,,,19,19,0,,,,4,2,2,,,
"Jun 25, 2023 5:00 AM",2,1,1,1,1,0,2,1,1,,,,3,3,0,,,,3,3,0,,,
"Jun 25, 2023 6:00 AM",14,7,7,7,4,3,7,3,4,,,,11,7,4,,,,2,2,0,,,
"Jun 25, 2023 7:00 AM",34,16,18,9,5,4,15,7,8,,,,30,20,10,,,,11,3,8,,,
"Jun 25, 2023 8:00 AM",41,20,21,20,14,6,13,10,3,,,,22,11,11,,,,13,1,12,,,
"Jun 25, 2023 9:00 AM",49,27,22,19,13,6,13,6,7,,,,25,9,16,,,,14,7,7,,,
"Jun 25, 2023 10:00 AM",104,56,48,34,17,17,21,9,12,,,,32,21,11,,,,40,23,17,,,
"Jun 25, 2023 11:00 AM",281,160,121,48,23,25,43,21,22,,,,99,62,37,,,,65,45,20,,,
"Jun 25, 2023 12:00 PM",272,136,136,47,23,24,53,28,25,,,,111,69,42,,,,76,31,45,,,
"Jun 25, 2023 1:00 PM",393,203,190,92,52,40,58,33,25,,,,137,77,60,,,,78,26,52,,,
"Jun 25, 2023 2:00 PM",446,264,182,70,41,29,72,33,39,,,,202,93,109,,,,51,26,25,,,
"Jun 25, 2023 3:00 PM",492,287,205,80,46,34,64,35,29,,,,196,109,87,,,,60,27,33,,,
"Jun 25, 2023 4:00 PM",298,141,157,52,12,40,53,24,29,,,,183,84,99,,,,41,16,25,,,
"Jun 25, 2023 5:00 PM",160,90,70,55,40,15,30,16,14,,,,184,84,100,,,,44,20,24,,,
"Jun 25, 2023 6:00 PM",235,121,114,53,27,26,42,27,15,,,,111,59,52,,,,41,24,17,,,
"Jun 25, 2023 7:00 PM",163,86,77,57,32,25,48,24,24,,,,107,52,55,,,,41,24,17,,,
"Jun 25, 2023 8:00 PM",155,93,62,30,15,15,36,16,20,,,,101,48,53,,,,43,22,21,,,
"Jun 25, 2023 9:00 PM",102,49,53,14,10,4,21,8,13,,,,177,46,131,,,,38,9,29,,,
"Jun 25, 2023 10:00 PM",51,35,16,24,9,15,18,9,9,,,,214,63,151,,,,13,7,6,,,
"Jun 25, 2023 11:00 PM",16,10,6,7,1,6,6,2,4,,,,201,72,129,,,,6,4,2,,,
"Jun 26, 2023 12:00 AM",0,0,0,1,1,0,0,0,0,,,,288,78,210,,,,11,9,2,,,
"Jun 26, 2023 1:00 AM",2,2,0,0,0,0,2,2,0,,,,3,1,2,,,,5,1,4,,,
"Jun 26, 2023 2:00 AM",1,0,1,2,2,0,4,4,0,,,,0,0,0,,,,1,0,1,,,
"Jun 26, 2023 3:00 AM",0,0,0,0,0,0,0,0,0,,,,0,0,0,,,,1,1,0,,,
"Jun 26, 2023 4:00 AM",1,1,0,1,1,0,0,0,0,,,,1,0,1,,,,7,2,5,,,
"Jun 26, 2023 5:00 AM",12,5,7,2,0,2,3,2,1,,,,9,5,4,,,,5,3,2,,,
"Jun 26, 2023 6:00 AM",52,25,27,12,7,5,11,11,0,,,,24,13,11,,,,15,5,10,,,
"Jun 26, 2023 7:00 AM",84,45,39,18,9,9,24,8,16,,,,101,53,48,,,,27,16,11,,,
"Jun 26, 2023 8:00 AM",86,50,36,23,14,9,22,13,9,,,,316,165,151,,,,82,49,33,,,
"Jun 26, 2023 9:00 AM",128,69,59,32,27,5,20,10,10,,,,169,72,97,,,,47,24,23,,,
"Jun 26, 2023 10:00 AM",131,73,58,41,27,14,16,10,6,,,,82,53,29,,,,53,27,26,,,
"Jun 26, 2023 11:00 AM",191,104,87,26,10,16,32,16,16,,,,75,38,37,,,,49,19,30,,,
"Jun 26, 2023 12:00 PM",132,73,59,21,14,7,29,18,11,,,,79,41,38,,,,48,27,21,,,
"Jun 26, 2023 1:00 PM",119,52,67,44,28,16,40,19,21,,,,180,86,94,,,,57,24,33,,,
"Jun 26, 2023 2:00 PM",143,88,55,38,21,17,24,10,14,,,,198,99,99,,,,85,29,56,,,
"Jun 26, 2023 3:00 PM",144,80,64,47,28,19,38,22,16,,,,155,73,82,,,,52,20,32,,,
"Jun 26, 2023 4:00 PM",197,90,107,46,30,16,41,21,20,,,,157,61,96,,,,60,32,28,,,
"Jun 26, 2023 5:00 PM",195,93,102,67,32,35,45,32,13,,,,350,129,221,,,,82,32,50,,,
"Jun 26, 2023 6:00 PM",198,112,86,87,50,37,61,38,23,,,,396,182,214,,,,77,43,34,,,
"Jun 26, 2023 7:00 PM",181,96,85,66,41,25,32,15,17,,,,95,47,48,,,,78,37,41,,,
"Jun 26, 2023 8:00 PM",211,122,89,56,29,27,33,22,11,,,,191,82,109,,,,59,29,30,,,
"Jun 26, 2023 9:00 PM",152,72,80,27,10,17,28,23,5,,,,142,54,88,,,,42,22,20,,,
"Jun 26, 2023 10:00 PM",53,26,27,15,8,7,15,4,11,,,,597,192,405,,,,28,11,17,,,
"Jun 26, 2023 11:00 PM",8,7,1,5,1,4,0,0,0,,,,143,58,85,,,,6,4,2,,,
"Jun 27, 2023 12:00 AM",0,0,0,0,0,0,0,0,0,,,,522,214,308,,,,9,5,4,,,
"Jun 27, 2023 1:00 AM",1,1,0,0,0,0,0,0,0,,,,33,14,19,,,,16,9,7,,,
"Jun 27, 2023 2:00 AM",0,0,0,0,0,0,0,0,0,,,,0,0,0,,,,0,0,0,,,
"Jun 27, 2023 3:00 AM",1,1,0,0,0,0,0,0,0,,,,0,0,0,,,,1,0,1,,,
"Jun 27, 2023 4:00 AM",0,0,0,1,1,0,1,0,1,,,,2,1,1,,,,1,1,0,,,
"Jun 27, 2023 5:00 AM",0,0,0,0,0,0,3,3,0,,,,6,3,3,,,,1,0,1,,,
"Jun 27, 2023 6:00 AM",32,11,21,16,8,8,14,11,3,,,,28,20,8,,,,11,5,6,,,
"Jun 27, 2023 7:00 AM",73,41,32,27,11,16,26,14,12,,,,85,49,36,,,,36,21,15,,,
"Jun 27, 2023 8:00 AM",72,38,34,26,8,18,20,7,13,,,,189,94,95,,,,77,47,30,,,
"Jun 27, 2023 9:00 AM",91,55,36,22,15,7,31,14,17,,,,84,51,33,,,,57,26,31,,,
"Jun 27, 2023 10:00 AM",97,47,50,58,47,11,22,13,9,,,,91,56,35,,,,71,33,38,,,
"Jun 27, 2023 11:00 AM",126,79,47,43,19,24,37,25,12,,,,133,41,92,,,,44,13,31,,,
"Jun 27, 2023 12:00 PM",149,94,55,48,18,30,28,9,19,,,,75,45,30,,,,38,20,18,,,
"Jun 27, 2023 1:00 PM",167,83,84,44,24,20,41,22,19,,,,110,58,52,,,,102,54,48,,,
"Jun 27, 2023 2:00 PM",163,80,83,28,11,17,21,8,13,,,,223,135,88,,,,71,29,42,,,
"Jun 27, 2023 3:00 PM",158,88,70,30,17,13,33,22,11,,,,164,76,88,,,,70,36,34,,,
"Jun 27, 2023 4:00 PM",147,80,67,33,22,11,39,21,18,,,,163,82,81,,,,40,18,22,,,
"Jun 27, 2023 5:00 PM",184,98,86,71,31,40,56,35,21,,,,311,118,193,,,,84,45,39,,,
"Jun 27, 2023 6:00 PM",157,75,82,63,33,30,60,29,31,,,,300,132,168,,,,107,74,33,,,
"Jun 27, 2023 7:00 PM",210,110,100,67,43,24,29,16,13,,,,165,92,73,,,,159,87,72,,,
"Jun 27, 2023 8:00 PM",217,117,100,57,27,30,33,16,17,,,,125,62,63,,,,111,31,80,,,
"Jun 27, 2023 9:00 PM",126,73,53,41,19,22,25,10,15,,,,87,37,50,,,,78,24,54,,,
"Jun 27, 2023 10:00 PM",46,25,21,23,11,12,20,5,15,,,,92,38,54,,,,22,11,11,,,
"Jun 27, 2023 11:00 PM",15,12,3,5,0,5,3,1,2,,,,78,32,46,,,,6,2,4,,,
"Jun 28, 2023 12:00 AM",0,0,0,1,1,0,6,1,5,,,,76,34,42,,,,14,8,6,,,
"Jun 28, 2023 1:00 AM",7,1,6,0,0,0,1,1,0,,,,15,11,4,,,,5,3,2,,,
"Jun 28, 2023 2:00 AM",0,0,0,1,1,0,0,0,0,,,,4,3,1,,,,1,1,0,,,
"Jun 28, 2023 3:00 AM",0,0,0,2,1,1,0,0,0,,,,6,1,5,,,,1,1,0,,,
"Jun 28, 2023 4:00 AM",1,1,0,3,3,0,0,0,0,,,,14,4,10,,,,3,2,1,,,
"Jun 28, 2023 5:00 AM",11,7,4,3,3,0,5,4,1,,,,58,45,13,,,,8,5,3,,,
"Jun 28, 2023 6:00 AM",40,17,23,11,5,6,11,9,2,,,,61,31,30,,,,12,4,8,,,
"Jun 28, 2023 7:00 AM",61,33,28,27,19,8,19,9,10,,,,311,119,192,,,,31,20,11,,,
"Jun 28, 2023 8:00 AM",57,30,27,31,11,20,22,10,12,,,,269,111,158,,,,88,43,45,,,
"Jun 28, 2023 9:00 AM",91,38,53,38,20,18,29,16,13,,,,306,127,179,,,,42,19,23,,,
"Jun 28, 2023 10:00 AM",68,42,26,13,8,5,16,11,5,,,,55,23,32,,,,31,7,24,,,
"Jun 28, 2023 11:00 AM",79,41,38,23,13,10,22,12,10,,,,64,34,30,,,,15,6,9,,,
"Jun 28, 2023 12:00 PM",48,24,24,12,5,7,21,13,8,,,,43,22,21,,,,31,12,19,,,
"Jun 28, 2023 1:00 PM",112,64,48,21,13,8,30,17,13,,,,147,84,63,,,,41,17,24,,,
"Jun 28, 2023 2:00 PM",107,57,50,24,13,11,33,17,16,,,,329,122,207,,,,70,27,43,,,
"Jun 28, 2023 3:00 PM",152,77,75,51,30,21,43,25,18,,,,350,131,219,,,,48,21,27,,,
"Jun 28, 2023 4:00 PM",156,83,73,41,26,15,35,16,19,,,,738,297,441,,,,83,44,39,,,
"Jun 28, 2023 5:00 PM",185,89,96,80,58,22,65,51,14,,,,700,259,441,,,,90,53,37,,,
"Jun 28, 2023 6:00 PM",123,72,51,84,47,37,51,28,23,,,,692,263,429,,,,132,79,53,,,
"Jun 28, 2023 7:00 PM",134,67,67,57,24,33,33,16,17,,,,388,180,208,,,,124,58,66,,,
"Jun 28, 2023 8:00 PM",187,119,68,52,27,25,52,31,21,,,,453,174,279,,,,94,32,62,,,
"Jun 28, 2023 9:00 PM",169,83,86,36,14,22,28,8,20,,,,473,163,310,,,,62,20,42,,,
"Jun 28, 2023 10:00 PM",51,27,24,12,5,7,18,8,10,,,,288,110,178,,,,27,10,17,,,
"Jun 28, 2023 11:00 PM",15,9,6,8,2,6,3,0,3,,,,217,76,141,,,,10,6,4,,,
"Jun 29, 2023 12:00 AM",0,0,0,1,0,1,2,0,2,,,,156,62,94,,,,16,12,4,,,
"Jun 29, 2023 1:00 AM",4,2,2,1,0,1,0,0,0,,,,68,37,31,,,,9,6,3,,,
"Jun 29, 2023 2:00 AM",0,0,0,0,0,0,0,0,0,,,,26,12,14,,,,1,1,0,,,
"Jun 29, 2023 3:00 AM",0,0,0,0,0,0,0,0,0,,,,12,10,2,,,,0,0,0,,,
"Jun 29, 2023 4:00 AM",1,1,0,1,1,0,0,0,0,,,,36,8,28,,,,3,2,1,,,
"Jun 29, 2023 5:00 AM",9,3,6,3,2,1,2,1,1,,,,11,8,3,,,,5,3,2,,,
"Jun 29, 2023 6:00 AM",46,20,26,19,12,7,16,10,6,,,,137,77,60,,,,16,7,9,,,
"Jun 29, 2023 7:00 AM",82,43,39,23,12,11,27,11,16,,,,459,189,270,,,,34,17,17,,,
"Jun 29, 2023 8:00 AM",121,65,56,42,18,24,36,15,21,,,,527,196,331,,,,87,53,34,,,
"Jun 29, 2023 9:00 AM",116,47,69,59,32,27,22,13,9,,,,273,108,165,,,,52,20,32,,,
"Jun 29, 2023 10:00 AM",117,52,65,47,30,17,34,16,18,,,,279,103,176,,,,50,24,26,,,
"Jun 29, 2023 11:00 AM",151,69,82,54,25,29,27,13,14,,,,333,121,212,,,,62,20,42,,,
"Jun 29, 2023 12:00 PM",181,110,71,47,24,23,45,27,18,,,,360,141,219,,,,79,36,43,,,
"Jun 29, 2023 1:00 PM",219,120,99,61,42,19,43,25,18,,,,395,185,210,,,,59,22,37,,,
"Jun 29, 2023 2:00 PM",149,77,72,28,17,11,24,15,9,,,,399,174,225,,,,85,30,55,,,
"Jun 29, 2023 3:00 PM",189,119,70,20,14,6,29,15,14,,,,472,156,316,,,,57,22,35,,,
"Jun 29, 2023 4:00 PM",170,82,88,44,22,22,57,30,27,,,,308,103,205,,,,77,29,48,,,
"Jun 29, 2023 5:00 PM",128,65,63,44,23,21,48,24,24,,,,332,101,231,,,,65,36,29,,,
"Jun 29, 2023 6:00 PM",158,95,63,53,27,26,50,18,32,,,,393,154,239,,,,103,71,32,,,
"Jun 29, 2023 7:00 PM",200,106,94,62,39,23,66,29,37,,,,127,49,78,,,,102,48,54,,,
"Jun 29, 2023 8:00 PM",170,103,67,71,36,35,56,35,21,,,,159,73,86,,,,101,34,67,,,
"Jun 29, 2023 9:00 PM",141,77,64,39,21,18,37,19,18,,,,87,32,55,,,,38,20,18,,,
"Jun 29, 2023 10:00 PM",68,44,24,16,6,10,28,7,21,,,,194,79,115,,,,23,11,12,,,
"Jun 29, 2023 11:00 PM",36,20,16,5,1,4,7,3,4,,,,117,50,67,,,,11,6,5,,,
"Jun 30, 2023 12:00 AM",4,2,2,2,2,0,4,2,2,,,,,,,,,,8,5,3,,,
"Jun 30, 2023 1:00 AM",0,0,0,0,0,0,0,0,0,,,,,,,,,,5,5,0,,,
"Jun 30, 2023 2:00 AM",1,1,0,0,0,0,0,0,0,,,,,,,,,,0,0,0,,,
"Jun 30, 2023 3:00 AM",1,0,1,0,0,0,0,0,0,,,,,,,,,,1,1,0,,,
"Jun 30, 2023 4:00 AM",0,0,0,1,1,0,0,0,0,,,,,,,,,,1,0,1,,,
"Jun 30, 2023 5:00 AM",8,2,6,1,0,1,0,0,0,,,,,,,,,,4,1,3,,,
"Jun 30, 2023 6:00 AM",34,14,20,9,7,2,3,2,1,,,,,,,,,,13,6,7,,,
"Jun 30, 2023 7:00 AM",70,41,29,30,19,11,20,13,7,,,,,,,,,,27,15,12,,,
"Jun 30, 2023 8:00 AM",89,48,41,33,20,13,23,12,11,,,,,,,,,,35,16,19,,,
"Jun 30, 2023 9:00 AM",88,41,47,24,13,11,18,12,6,,,,,,,,,,46,20,26,,,
"Jun 30, 2023 10:00 AM",109,66,43,38,18,20,21,7,14,,,,,,,,,,29,20,9,,,
"Jun 30, 2023 11:00 AM",135,83,52,42,25,17,50,29,21,,,,,,,,,,50,21,29,,,
"Jun 30, 2023 12:00 PM",126,66,60,38,23,15,44,22,22,,,,,,,,,,40,15,25,,,
"Jun 30, 2023 1:00 PM",141,71,70,20,8,12,33,19,14,,,,,,,,,,42,19,23,,,
"Jun 30, 2023 2:00 PM",98,59,39,25,12,13,22,9,13,,,,,,,,,,47,29,18,,,
"Jun 30, 2023 3:00 PM",160,99,61,31,16,15,35,21,14,,,,,,,,,,70,27,43,,,
"Jun 30, 2023 4:00 PM",173,65,108,30,15,15,32,20,12,,,,,,,,,,57,22,35,,,
"Jun 30, 2023 5:00 PM",109,50,59,29,11,18,24,7,17,,,,,,,,,,75,41,34,,,
"Jun 30, 2023 6:00 PM",68,49,19,26,15,11,22,13,9,,,,,,,,,,69,26,43,,,
"Jun 30, 2023 7:00 PM",86,38,48,22,11,11,23,15,8,,,,,,,,,,54,29,25,,,
"Jun 30, 2023 8:00 PM",117,72,45,19,9,10,22,13,9,,,,,,,,,,41,22,19,,,
"Jun 30, 2023 9:00 PM",56,29,27,9,4,5,19,7,12,,,,,,,,,,29,14,15,,,
"Jun 30, 2023 10:00 PM",28,16,12,6,2,4,12,2,10,,,,,,,,,,16,10,6,,,
"Jun 30, 2023 11:00 PM",15,10,5,8,7,1,6,1,5,,,,,,,,,,16,9,7,,,
"Jul 1, 2023 12:00 AM",0,0,0,0,0,0,5,2,3,,,,223,86,137,,,,12,5,7,,,
"Jul 1, 2023 1:00 AM",4,4,0,1,0,1,0,0,0,,,,87,17,70,,,,9,5,4,,,
"Jul 1, 2023 2:00 AM",5,4,1,1,0,1,1,0,1,,,,27,14,13,,,,3,1,2,,,
"Jul 1, 2023 3:00 AM",0,0,0,2,0,2,0,0,0,,,,17,0,17,,,,5,2,3,,,
"Jul 1, 2023 4:00 AM",1,0,1,0,0,0,0,0,0,,,,8,2,6,,,,2,1,1,,,
"Jul 1, 2023 5:00 AM",3,1,2,3,3,0,3,3,0,,,,29,10,19,,,,1,1,0,,,
"Jul 1, 2023 6:00 AM",18,6,12,6,2,4,1,1,0,,,,44,23,21,,,,4,2,2,,,
"Jul 1, 2023 7:00 AM",36,16,20,17,6,11,15,11,4,,,,56,32,24,,,,14,4,10,,,
"Jul 1, 2023 8:00 AM",76,37,39,38,20,18,29,16,13,,,,134,76,58,,,,30,10,20,,,
"Jul 1, 2023 9:00 AM",112,69,43,42,21,21,49,30,19,,,,185,85,100,,,,33,15,18,,,
"Jul 1, 2023 10:00 AM",193,96,97,69,48,21,51,33,18,,,,261,127,134,,,,57,29,28,,,
"Jul 1, 2023 11:00 AM",273,148,125,61,30,31,55,33,22,,,,266,120,146,,,,76,36,40,,,
"Jul 1, 2023 12:00 PM",285,164,121,68,32,36,40,24,16,,,,243,116,127,,,,71,48,23,,,
"Jul 1, 2023 1:00 PM",355,219,136,74,52,22,51,37,14,,,,251,118,133,,,,75,21,54,,,
"Jul 1, 2023 2:00 PM",444,259,185,72,42,30,69,35,34,,,,320,147,173,,,,51,18,33,,,
"Jul 1, 2023 3:00 PM",569,303,266,62,40,22,72,38,34,,,,337,140,197,,,,73,37,36,,,
"Jul 1, 2023 4:00 PM",552,319,233,69,41,28,69,36,33,,,,295,139,156,,,,38,18,20,,,
"Jul 1, 2023 5:00 PM",355,182,173,68,33,35,55,22,33,,,,194,91,103,,,,57,28,29,,,
"Jul 1, 2023 6:00 PM",251,134,117,43,20,23,41,23,18,,,,216,76,140,,,,63,39,24,,,
"Jul 1, 2023 7:00 PM",203,101,102,23,9,14,40,26,14,,,,131,55,76,,,,66,35,31,,,
"Jul 1, 2023 8:00 PM",110,55,55,23,11,12,26,4,22,,,,150,76,74,,,,39,14,25,,,
"Jul 1, 2023 9:00 PM",107,57,50,18,10,8,8,0,8,,,,169,88,81,,,,27,10,17,,,
"Jul 1, 2023 10:00 PM",56,33,23,13,7,6,13,10,3,,,,138,88,50,,,,10,6,4,,,
"Jul 1, 2023 11:00 PM",16,8,8,6,1,5,3,2,1,,,,158,86,72,,,,9,2,7,,,
"Jul 2, 2023 12:00 AM",0,0,0,0,0,0,7,4,3,,,,170,62,108,,,,19,17,2,,,
"Jul 2, 2023 1:00 AM",6,1,5,2,2,0,1,1,0,,,,175,65,110,,,,11,9,2,,,
"Jul 2, 2023 2:00 AM",0,0,0,1,1,0,1,1,0,,,,8,4,4,,,,12,2,10,,,
"Jul 2, 2023 3:00 AM",2,1,1,0,0,0,0,0,0,,,,22,9,13,,,,3,1,2,,,
"Jul 2, 2023 4:00 AM",0,0,0,1,0,1,0,0,0,,,,2,2,0,,,,3,0,3,,,
"Jul 2, 2023 5:00 AM",4,1,3,0,0,0,1,1,0,,,,0,0,0,,,,3,3,0,,,
"Jul 2, 2023 6:00 AM",8,5,3,2,2,0,3,3,0,,,,13,7,6,,,,4,2,2,,,
"Jul 2, 2023 7:00 AM",32,20,12,9,8,1,11,9,2,,,,15,12,3,,,,15,7,8,,,
"Jul 2, 2023 8:00 AM",76,37,39,19,8,11,13,8,5,,,,74,36,38,,,,17,7,10,,,
"Jul 2, 2023 9:00 AM",121,60,61,53,39,14,44,20,24,,,,225,101,124,,,,26,10,16,,,
"Jul 2, 2023 10:00 AM",262,166,96,87,51,36,60,33,27,,,,315,148,167,,,,34,16,18,,,
"Jul 2, 2023 11:00 AM",306,170,136,112,56,56,66,41,25,,,,358,139,219,,,,62,32,30,,,
"Jul 2, 2023 12:00 PM",517,284,233,79,42,37,45,21,24,,,,321,137,184,,,,59,32,27,,,
"Jul 2, 2023 1:00 PM",587,346,241,93,55,38,80,44,36,,,,414,158,256,,,,106,71,35,,,
"Jul 2, 2023 2:00 PM",578,311,267,68,35,33,80,43,37,,,,259,115,144,,,,111,64,47,,,
"Jul 2, 2023 3:00 PM",636,348,288,89,48,41,75,36,39,,,,232,101,131,,,,96,41,55,,,
"Jul 2, 2023 4:00 PM",541,300,241,70,38,32,57,37,20,,,,320,134,186,,,,143,43,100,,,
"Jul 2, 2023 5:00 PM",383,193,190,43,21,22,55,21,34,,,,264,78,186,,,,48,19,29,,,
"Jul 2, 2023 6:00 PM",202,106,96,30,15,15,50,22,28,,,,321,182,139,,,,41,21,20,,,
"Jul 2, 2023 7:00 PM",144,75,69,31,16,15,27,11,16,,,,127,57,70,,,,56,35,21,,,
"Jul 2, 2023 8:00 PM",182,106,76,29,16,13,19,10,9,,,,100,44,56,,,,52,26,26,,,
"Jul 2, 2023 9:00 PM",110,61,49,24,13,11,21,6,15,,,,322,119,203,,,,27,13,14,,,
"Jul 2, 2023 10:00 PM",29,15,14,6,2,4,9,4,5,,,,640,313,327,,,,20,13,7,,,
"Jul 2, 2023 11:00 PM",8,2,6,2,0,2,7,3,4,,,,478,275,203,,,,14,4,10,,,
"Jul 3, 2023 12:00 AM",0,0,0,0,0,0,2,2,0,,,,318,167,151,,,,29,18,11,,,
"Jul 3, 2023 1:00 AM",3,3,0,0,0,0,0,0,0,,,,50,25,25,,,,13,6,7,,,
"Jul 3, 2023 2:00 AM",0,0,0,0,0,0,0,0,0,,,,0,0,0,,,,2,1,1,,,
"Jul 3, 2023 3:00 AM",0,0,0,0,0,0,0,0,0,,,,13,5,8,,,,2,2,0,,,
"Jul 3, 2023 4:00 AM",0,0,0,0,0,0,0,0,0,,,,10,2,8,,,,2,0,2,,,
"Jul 3, 2023 5:00 AM",7,3,4,2,2,0,2,2,0,,,,8,4,4,,,,2,1,1,,,
"Jul 3, 2023 6:00 AM",19,9,10,9,4,5,8,7,1,,,,29,17,12,,,,6,4,2,,,
"Jul 3, 2023 7:00 AM",45,20,25,5,2,3,5,2,3,,,,65,28,37,,,,27,12,15,,,
"Jul 3, 2023 8:00 AM",29,17,12,6,2,4,14,7,7,,,,88,35,53,,,,31,16,15,,,
"Jul 3, 2023 9:00 AM",60,19,41,20,15,5,29,21,8,,,,141,81,60,,,,37,19,18,,,
"Jul 3, 2023 10:00 AM",127,56,71,44,28,16,22,15,7,,,,154,79,75,,,,34,8,26,,,
"Jul 3, 2023 11:00 AM",165,102,63,38,20,18,21,14,7,,,,248,120,128,,,,44,16,28,,,
"Jul 3, 2023 12:00 PM",182,99,83,49,30,19,48,32,16,,,,133,75,58,,,,74,38,36,,,
"Jul 3, 2023 1:00 PM",140,84,56,40,17,23,41,27,14,,,,280,120,160,,,,36,15,21,,,
"Jul 3, 2023 2:00 PM",145,87,58,16,10,6,24,12,12,,,,198,81,117,,,,34,13,21,,,
"Jul 3, 2023 3:00 PM",153,68,85,107,58,49,32,16,16,,,,207,83,124,,,,45,19,26,,,
"Jul 3, 2023 4:00 PM",189,96,93,32,21,11,35,21,14,,,,199,75,124,,,,76,35,41,,,
"Jul 3, 2023 5:00 PM",175,100,75,48,31,17,40,24,16,,,,229,82,147,,,,97,44,53,,,
"Jul 3, 2023 6:00 PM",180,112,68,56,38,18,41,20,21,,,,401,174,227,,,,65,25,40,,,
"Jul 3, 2023 7:00 PM",146,81,65,36,26,10,40,27,13,,,,110,54,56,,,,78,38,40,,,
"Jul 3, 2023 8:00 PM",154,80,74,28,10,18,25,14,11,,,,308,101,207,,,,38,20,18,,,
"Jul 3, 2023 9:00 PM",126,73,53,25,14,11,24,10,14,,,,342,162,180,,,,41,22,19,,,
"Jul 3, 2023 10:00 PM",20,11,9,13,7,6,9,4,5,,,,209,85,124,,,,17,6,11,,,
"Jul 3, 2023 11:00 PM",13,8,5,5,1,4,0,0,0,,,,296,74,222,,,,10,4,6,,,
"Jul 4, 2023 12:00 AM",1,1,0,1,0,1,1,0,1,,,,102,30,72,,,,3,3,0,,,
"Jul 4, 2023 1:00 AM",2,0,2,1,0,1,0,0,0,,,,49,21,28,,,,1,1,0,,,
"Jul 4, 2023 2:00 AM",0,0,0,0,0,0,0,0,0,,,,3,2,1,,,,0,0,0,,,
"Jul 4, 2023 3:00 AM",0,0,0,0,0,0,0,0,0,,,,0,0,0,,,,0,0,0,,,
"Jul 4, 2023 4:00 AM",0,0,0,0,0,0,0,0,0,,,,0,0,0,,,,1,1,0,,,
"Jul 4, 2023 5:00 AM",10,4,6,0,0,0,1,1,0,,,,7,4,3,,,,8,3,5,,,
"Jul 4, 2023 6:00 AM",53,29,24,8,2,6,13,9,4,,,,55,20,35,,,,12,6,6,,,
"Jul 4, 2023 7:00 AM",62,34,28,16,7,9,15,8,7,,,,105,51,54,,,,37,16,21,,,
"Jul 4, 2023 8:00 AM",92,48,44,31,15,16,40,20,20,,,,168,80,88,,,,45,25,20,,,
"Jul 4, 2023 9:00 AM",106,56,50,39,24,15,44,22,22,,,,206,91,115,,,,58,34,24,,,
"Jul 4, 2023 10:00 AM",131,57,74,56,28,28,35,14,21,,,,159,78,81,,,,46,23,23,,,
"Jul 4, 2023 11:00 AM",207,132,75,62,31,31,45,23,22,,,,106,51,55,,,,56,22,34,,,
"Jul 4, 2023 12:00 PM",178,97,81,49,28,21,44,21,23,,,,151,67,84,,,,76,32,44,,,
"Jul 4, 2023 1:00 PM",154,81,73,45,19,26,48,32,16,,,,434,151,283,,,,74,52,22,,,
"Jul 4, 2023 2:00 PM",186,102,84,36,21,15,17,9,8,,,,432,161,271,,,,58,20,38,,,
"Jul 4, 2023 3:00 PM",176,95,81,34,15,19,11,8,3,,,,187,95,92,,,,49,23,26,,,
"Jul 4, 2023 4:00 PM",132,74,58,53,24,29,49,28,21,,,,537,185,352,,,,53,27,26,,,
"Jul 4, 2023 5:00 PM",143,87,56,45,32,13,57,36,21,,,,482,170,312,,,,83,34,49,,,
"Jul 4, 2023 6:00 PM",155,85,70,62,36,26,42,23,19,,,,422,144,278,,,,63,27,36,,,
"Jul 4, 2023 7:00 PM",29,22,7,36,27,9,26,20,6,,,,188,70,118,,,,39,18,21,,,
"Jul 4, 2023 8:00 PM",57,36,21,28,16,12,14,6,8,,,,162,71,91,,,,23,14,9,,,
"Jul 4, 2023 9:00 PM",113,61,52,18,5,13,24,11,13,,,,393,129,264,,,,51,20,31,,,
"Jul 4, 2023 10:00 PM",22,18,4,12,7,5,14,8,6,,,,131,39,92,,,,12,7,5,,,
"Jul 4, 2023 11:00 PM",5,3,2,7,4,3,2,0,2,,,,61,23,38,,,,2,1,1,,,
"Jul 5, 2023 12:00 AM",0,0,0,0,0,0,1,0,1,,,,14,5,9,,,,9,7,2,,,
"Jul 5, 2023 1:00 AM",2,1,1,0,0,0,0,0,0,,,,11,7,4,,,,1,0,1,,,
"Jul 5, 2023 2:00 AM",0,0,0,0,0,0,0,0,0,,,,0,0,0,,,,1,0,1,,,
"Jul 5, 2023 3:00 AM",0,0,0,0,0,0,0,0,0,,,,2,1,1,,,,1,1,0,,,
"Jul 5, 2023 4:00 AM",0,0,0,0,0,0,0,0,0,,,,2,1,1,,,,1,1,0,,,
"Jul 5, 2023 5:00 AM",8,5,3,0,0,0,2,2,0,,,,5,2,3,,,,5,3,2,,,
"Jul 5, 2023 6:00 AM",39,21,18,8,3,5,8,6,2,,,,32,17,15,,,,14,6,8,,,
"Jul 5, 2023 7:00 AM",64,31,33,24,6,18,23,12,11,,,,506,162,344,,,,35,19,16,,,
"Jul 5, 2023 8:00 AM",72,41,31,39,12,27,27,10,17,,,,472,158,314,,,,61,29,32,,,
"Jul 5, 2023 9:00 AM",80,42,38,50,24,26,24,13,11,,,,270,127,143,,,,48,26,22,,,
"Jul 5, 2023 10:00 AM",156,96,60,33,16,17,17,9,8,,,,121,70,51,,,,53,23,30,,,
"Jul 5, 2023 11:00 AM",153,62,91,24,12,12,18,11,7,,,,157,69,88,,,,62,32,30,,,
"Jul 5, 2023 12:00 PM",168,91,77,35,19,16,29,12,17,,,,134,61,73,,,,76,36,40,,,
"Jul 5, 2023 1:00 PM",139,92,47,39,26,13,37,24,13,,,,317,129,188,,,,56,24,32,,,
"Jul 5, 2023 2:00 PM",143,68,75,28,7,21,40,17,23,,,,251,79,172,,,,63,31,32,,,
"Jul 5, 2023 3:00 PM",155,80,75,27,14,13,35,23,12,,,,199,90,109,,,,53,23,30,,,
"Jul 5, 2023 4:00 PM",121,54,67,32,17,15,28,19,9,,,,299,110,189,,,,46,24,22,,,
"Jul 5, 2023 5:00 PM",169,72,97,41,36,5,43,22,21,,,,441,157,284,,,,85,42,43,,,
"Jul 5, 2023 6:00 PM",163,81,82,56,34,22,46,24,22,,,,294,128,166,,,,66,32,34,,,
"Jul 5, 2023 7:00 PM",192,110,82,81,59,22,55,31,24,,,,192,107,85,,,,55,22,33,,,
"Jul 5, 2023 8:00 PM",323,171,152,51,28,23,43,14,29,,,,462,169,293,,,,52,27,25,,,
"Jul 5, 2023 9:00 PM",132,66,66,27,12,15,39,20,19,,,,556,193,363,,,,43,20,23,,,
"Jul 5, 2023 10:00 PM",48,20,28,36,12,24,21,7,14,,,,587,208,379,,,,23,13,10,,,
"Jul 5, 2023 11:00 PM",8,6,2,3,0,3,10,8,2,,,,252,104,148,,,,3,1,2,,,
"Jul 6, 2023 12:00 AM",1,1,0,0,0,0,6,1,5,,,,73,28,45,,,,10,5,5,,,
"Jul 6, 2023 1:00 AM",0,0,0,0,0,0,0,0,0,,,,1,0,1,,,,8,6,2,,,
"Jul 6, 2023 2:00 AM",0,0,0,0,0,0,0,0,0,,,,21,6,15,,,,1,1,0,,,
"Jul 6, 2023 3:00 AM",0,0,0,0,0,0,0,0,0,,,,10,2,8,,,,1,1,0,,,
"Jul 6, 2023 4:00 AM",1,1,0,1,1,0,0,0,0,,,,101,45,56,,,,0,0,0,,,
"Jul 6, 2023 5:00 AM",4,0,4,1,0,1,1,1,0,,,,7,3,4,,,,6,2,4,,,
"Jul 6, 2023 6:00 AM",31,16,15,4,2,2,8,6,2,,,,23,13,10,,,,15,7,8,,,
"Jul 6, 2023 7:00 AM",67,33,34,32,12,20,32,12,20,,,,406,156,250,,,,40,19,21,,,
"Jul 6, 2023 8:00 AM",98,50,48,39,17,22,30,15,15,,,,718,282,436,,,,69,43,26,,,
"Jul 6, 2023 9:00 AM",96,52,44,34,23,11,31,11,20,,,,414,143,271,,,,51,24,27,,,
"Jul 6, 2023 10:00 AM",123,68,55,23,11,12,29,11,18,,,,430,175,255,,,,47,20,27,,,
"Jul 6, 2023 11:00 AM",157,95,62,23,17,6,31,22,9,,,,346,151,195,,,,40,22,18,,,
"Jul 6, 2023 12:00 PM",96,53,43,26,10,16,35,20,15,,,,507,180,327,,,,43,16,27,,,
"Jul 6, 2023 1:00 PM",67,37,30,15,8,7,27,15,12,,,,374,142,232,,,,40,21,19,,,
"Jul 6, 2023 2:00 PM",55,20,35,18,5,13,12,7,5,,,,336,123,213,,,,37,18,19,,,
"Jul 6, 2023 3:00 PM",45,24,21,16,4,12,20,8,12,,,,400,155,245,,,,31,17,14,,,
"Jul 6, 2023 4:00 PM",46,22,24,20,9,11,22,13,9,,,,613,231,382,,,,56,23,33,,,
"Jul 6, 2023 5:00 PM",41,17,24,17,9,8,33,23,10,,,,589,209,380,,,,61,17,44,,,
"Jul 6, 2023 6:00 PM",42,21,21,19,13,6,33,17,16,,,,490,195,295,,,,43,24,19,,,
"Jul 6, 2023 7:00 PM",44,33,11,19,9,10,19,4,15,,,,52,25,27,,,,36,19,17,,,
"Jul 6, 2023 8:00 PM",55,36,19,19,8,11,33,7,26,,,,88,35,53,,,,28,11,17,,,
"Jul 6, 2023 9:00 PM",52,29,23,12,4,8,37,9,28,,,,197,56,141,,,,15,10,5,,,
"Jul 6, 2023 10:00 PM",30,18,12,11,3,8,31,22,9,,,,425,129,296,,,,10,4,6,,,
"Jul 6, 2023 11:00 PM",17,12,5,1,1,0,7,5,2,,,,655,262,393,,,,6,2,4,,,
"Jul 7, 2023 12:00 AM",0,0,0,0,0,0,3,0,3,,,,38,23,15,,,,6,5,1,,,
"Jul 7, 2023 1:00 AM",1,1,0,0,0,0,2,1,1,,,,11,8,3,,,,2,2,0,,,
"Jul 7, 2023 2:00 AM",0,0,0,0,0,0,0,0,0,,,,1,0,1,,,,2,2,0,,,
"Jul 7, 2023 3:00 AM",0,0,0,0,0,0,0,0,0,,,,0,0,0,,,,5,3,2,,,
"Jul 7, 2023 4:00 AM",0,0,0,0,0,0,0,0,0,,,,0,0,0,,,,1,1,0,,,
"Jul 7, 2023 5:00 AM",5,3,2,2,0,2,3,2,1,,,,7,2,5,,,,5,1,4,,,
"Jul 7, 2023 6:00 AM",19,7,12,14,4,10,10,5,5,,,,11,8,3,,,,9,4,5,,,
"Jul 7, 2023 7:00 AM",60,33,27,20,12,8,19,10,9,,,,210,82,128,,,,29,19,10,,,
"Jul 7, 2023 8:00 AM",81,44,37,25,12,13,31,16,15,,,,391,122,269,,,,56,30,26,,,
"Jul 7, 2023 9:00 AM",85,42,43,26,15,11,40,27,13,,,,79,38,41,,,,37,16,21,,,
"Jul 7, 2023 10:00 AM",187,119,68,32,12,20,36,15,21,,,,96,53,43,,,,26,15,11,,,
"Jul 7, 2023 11:00 AM",171,67,104,36,24,12,29,15,14,,,,87,47,40,,,,28,14,14,,,
"Jul 7, 2023 12:00 PM",188,106,82,46,25,21,47,25,22,,,,457,157,300,,,,58,25,33,,,
"Jul 7, 2023 1:00 PM",174,97,77,47,24,23,26,9,17,,,,446,173,273,,,,49,26,23,,,
"Jul 7, 2023 2:00 PM",184,117,67,38,28,10,45,34,11,,,,534,200,334,,,,67,25,42,,,
"Jul 7, 2023 3:00 PM",312,191,121,44,24,20,43,21,22,,,,543,220,323,,,,84,35,49,,,
"Jul 7, 2023 4:00 PM",261,113,148,54,23,31,37,12,25,,,,473,175,298,,,,73,41,32,,,
"Jul 7, 2023 5:00 PM",223,100,123,40,20,20,61,23,38,,,,593,217,376,,,,128,63,65,,,
"Jul 7, 2023 6:00 PM",256,154,102,39,27,12,42,28,14,,,,598,254,344,,,,89,45,44,,,
"Jul 7, 2023 7:00 PM",284,151,133,45,23,22,54,29,25,,,,278,87,191,,,,78,41,37,,,
"Jul 7, 2023 8:00 PM",202,115,87,39,16,23,43,17,26,,,,83,28,55,,,,47,25,22,,,
"Jul 7, 2023 9:00 PM",163,71,92,29,16,13,29,6,23,,,,52,18,34,,,,52,30,22,,,
"Jul 7, 2023 10:00 PM",96,61,35,25,3,22,28,16,12,,,,65,30,35,,,,45,20,25,,,
"Jul 7, 2023 11:00 PM",16,9,7,8,3,5,19,9,10,,,,274,69,205,,,,15,8,7,,,
"Jul 8, 2023 12:00 AM",0,0,0,0,0,0,10,5,5,,,,412,142,270,,,,15,9,6,,,
"Jul 8, 2023 1:00 AM",8,8,0,2,0,2,1,1,0,,,,32,13,19,,,,8,3,5,,,
"Jul 8, 2023 2:00 AM",1,1,0,0,0,0,0,0,0,,,,4,2,2,,,,8,7,1,,,
"Jul 8, 2023 3:00 AM",1,0,1,3,3,0,0,0,0,,,,3,1,2,,,,6,2,4,,,
"Jul 8, 2023 4:00 AM",0,0,0,0,0,0,0,0,0,,,,0,0,0,,,,1,1,0,,,
"Jul 8, 2023 5:00 AM",2,1,1,6,3,3,2,2,0,,,,0,0,0,,,,2,1,1,,,
"Jul 8, 2023 6:00 AM",12,3,9,4,3,1,2,1,1,,,,9,5,4,,,,2,0,2,,,
"Jul 8, 2023 7:00 AM",36,16,20,13,11,2,12,8,4,,,,16,12,4,,,,10,7,3,,,
"Jul 8, 2023 8:00 AM",76,38,38,35,17,18,27,16,11,,,,52,28,24,,,,22,14,8,,,
"Jul 8, 2023 9:00 AM",139,82,57,57,33,24,62,42,20,,,,70,40,30,,,,31,11,20,,,
"Jul 8, 2023 10:00 AM",258,91,167,51,23,28,61,45,16,,,,145,79,66,,,,29,11,18,,,
"Jul 8, 2023 11:00 AM",248,138,110,43,26,17,60,37,23,,,,137,68,69,,,,43,22,21,,,
"Jul 8, 2023 12:00 PM",251,143,108,97,44,53,78,43,35,,,,312,129,183,,,,49,31,18,,,
"Jul 8, 2023 1:00 PM",348,204,144,90,66,24,52,30,22,,,,301,143,158,,,,49,28,21,,,
"Jul 8, 2023 2:00 PM",370,191,179,79,44,35,73,39,34,,,,260,139,121,,,,63,33,30,,,
"Jul 8, 2023 3:00 PM",539,281,258,60,31,29,52,24,28,,,,447,183,264,,,,62,34,28,,,
"Jul 8, 2023 4:00 PM",387,205,182,94,33,61,87,41,46,,,,534,234,300,,,,57,39,18,,,
"Jul 8, 2023 5:00 PM",335,154,181,80,38,42,60,24,36,,,,242,87,155,,,,54,31,23,,,
"Jul 8, 2023 6:00 PM",253,153,100,55,23,32,50,18,32,,,,215,84,131,,,,67,32,35,,,
"Jul 8, 2023 7:00 PM",202,97,105,42,18,24,69,25,44,,,,510,170,340,,,,76,43,33,,,
"Jul 8, 2023 8:00 PM",193,124,69,28,10,18,42,10,32,,,,389,120,269,,,,57,23,34,,,
"Jul 8, 2023 9:00 PM",155,78,77,23,11,12,30,11,19,,,,251,85,166,,,,62,24,38,,,
"Jul 8, 2023 10:00 PM",73,49,24,15,5,10,69,51,18,,,,32,22,10,,,,49,21,28,,,
"Jul 8, 2023 11:00 PM",32,16,16,6,1,5,37,25,12,,,,403,126,277,,,,11,6,5,,,
"Jul 9, 2023 12:00 AM",0,0,0,4,0,4,12,6,6,,,,541,250,291,,,,9,8,1,,,
"Jul 9, 2023 1:00 AM",17,17,0,4,0,4,19,9,10,,,,192,131,61,,,,8,8,0,,,
"Jul 9, 2023 2:00 AM",3,2,1,3,2,1,6,1,5,,,,1,1,0,,,,9,5,4,,,
"Jul 9, 2023 3:00 AM",1,1,0,4,0,4,2,1,1,,,,33,12,21,,,,3,3,0,,,
"Jul 9, 2023 4:00 AM",4,2,2,0,0,0,1,0,1,,,,29,9,20,,,,1,0,1,,,
"Jul 9, 2023 5:00 AM",9,5,4,4,0,4,0,0,0,,,,0,0,0,,,,2,2,0,,,
"Jul 9, 2023 6:00 AM",10,4,6,3,2,1,1,0,1,,,,34,16,18,,,,5,3,2,,,
"Jul 9, 2023 7:00 AM",54,41,13,14,9,5,13,7,6,,,,24,15,9,,,,14,5,9,,,
"Jul 9, 2023 8:00 AM",84,39,45,32,15,17,30,14,16,,,,54,33,21,,,,23,13,10,,,
"Jul 9, 2023 9:00 AM",136,71,65,46,26,20,52,34,18,,,,167,76,91,,,,19,8,11,,,
"Jul 9, 2023 10:00 AM",121,66,55,46,24,22,26,15,11,,,,381,157,224,,,,29,14,15,,,
"Jul 9, 2023 11:00 AM",277,161,116,50,34,16,43,30,13,,,,520,233,287,,,,26,11,15,,,
"Jul 9, 2023 12:00 PM",281,154,127,65,34,31,44,23,21,,,,504,190,314,,,,27,18,9,,,
"Jul 9, 2023 1:00 PM",459,263,196,68,48,20,164,101,63,,,,541,212,329,,,,25,10,15,,,
"Jul 9, 2023 2:00 PM",734,397,337,72,43,29,68,47,21,,,,548,220,328,,,,32,7,25,,,
"Jul 9, 2023 3:00 PM",706,369,337,86,47,39,97,54,43,,,,531,202,329,,,,56,23,33,,,
"Jul 9, 2023 4:00 PM",617,276,341,93,55,38,66,30,36,,,,130,84,46,,,,48,36,12,,,
"Jul 9, 2023 5:00 PM",500,248,252,100,58,42,81,45,36,,,,136,72,64,,,,60,29,31,,,
"Jul 9, 2023 6:00 PM",327,184,143,87,53,34,66,23,43,,,,250,132,118,,,,48,23,25,,,
"Jul 9, 2023 7:00 PM",297,144,153,81,46,35,68,20,48,,,,259,92,167,,,,51,26,25,,,
"Jul 9, 2023 8:00 PM",214,124,90,43,19,24,44,18,26,,,,98,47,51,,,,46,27,19,,,
"Jul 9, 2023 9:00 PM",117,60,57,25,11,14,24,10,14,,,,88,51,37,,,,32,9,23,,,
"Jul 9, 2023 10:00 PM",64,32,32,15,9,6,50,44,6,,,,339,171,168,,,,24,11,13,,,
"Jul 9, 2023 11:00 PM",29,16,13,5,3,2,6,4,2,,,,522,167,355,,,,11,7,4,,,
"Jul 10, 2023 12:00 AM",0,0,0,0,0,0,2,0,2,,,,182,92,90,,,,11,6,5,,,
"Jul 10, 2023 1:00 AM",0,0,0,0,0,0,0,0,0,,,,3,2,1,,,,3,3,0,,,
"Jul 10, 2023 2:00 AM",0,0,0,0,0,0,0,0,0,,,,1,1,0,,,,4,0,4,,,
"Jul 10, 2023 3:00 AM",1,1,0,2,2,0,0,0,0,,,,0,0,0,,,,3,2,1,,,
"Jul 10, 2023 4:00 AM",1,0,1,0,0,0,0,0,0,,,,3,2,1,,,,0,0,0,,,
"Jul 10, 2023 5:00 AM",11,7,4,0,0,0,0,0,0,,,,9,6,3,,,,3,1,2,,,
"Jul 10, 2023 6:00 AM",26,13,13,5,3,2,5,4,1,,,,33,18,15,,,,10,5,5,,,
"Jul 10, 2023 7:00 AM",39,21,18,12,6,6,8,4,4,,,,62,35,27,,,,18,7,11,,,
"Jul 10, 2023 8:00 AM",52,27,25,17,8,9,26,7,19,,,,51,26,25,,,,50,31,19,,,
"Jul 10, 2023 9:00 AM",23,15,8,7,7,0,11,8,3,,,,27,15,12,,,,18,10,8,,,
"Jul 10, 2023 10:00 AM",61,34,27,14,9,5,8,4,4,,,,48,33,15,,,,18,6,12,,,
"Jul 10, 2023 11:00 AM",54,20,34,19,11,8,10,5,5,,,,54,30,24,,,,19,12,7,,,
"Jul 10, 2023 12:00 PM",41,24,17,23,16,7,14,7,7,,,,43,18,25,,,,30,17,13,,,
"Jul 10, 2023 1:00 PM",35,14,21,11,4,7,17,6,11,,,,31,11,20,,,,28,10,18,,,
"Jul 10, 2023 2:00 PM",37,21,16,9,3,6,7,3,4,,,,18,9,9,,,,16,6,10,,,
"Jul 10, 2023 3:00 PM",62,30,32,21,12,9,22,9,13,,,,35,21,14,,,,39,20,19,,,
"Jul 10, 2023 4:00 PM",79,40,39,23,9,14,30,16,14,,,,102,41,61,,,,35,11,24,,,
"Jul 10, 2023 5:00 PM",92,47,45,42,22,20,45,26,19,,,,109,39,70,,,,49,16,33,,,
"Jul 10, 2023 6:00 PM",70,40,30,21,10,11,14,6,8,,,,67,32,35,,,,31,21,10,,,
"Jul 10, 2023 7:00 PM",145,73,72,48,25,23,54,21,33,,,,65,33,32,,,,49,26,23,,,
"Jul 10, 2023 8:00 PM",144,89,55,46,27,19,28,8,20,,,,49,25,24,,,,27,13,14,,,
"Jul 10, 2023 9:00 PM",48,18,30,14,8,6,10,6,4,,,,34,15,19,,,,14,5,9,,,
"Jul 10, 2023 10:00 PM",24,16,8,6,0,6,3,0,3,,,,10,6,4,,,,12,9,3,,,
"Jul 10, 2023 11:00 PM",8,6,2,2,2,0,2,1,1,,,,2,1,1,,,,16,7,9,,,
"Jul 11, 2023 12:00 AM",0,0,0,1,1,0,0,0,0,,,,1,1,0,,,,4,2,2,,,
"Jul 11, 2023 1:00 AM",0,0,0,0,0,0,0,0,0,,,,0,0,0,,,,0,0,0,,,
"Jul 11, 2023 2:00 AM",0,0,0,0,0,0,0,0,0,,,,0,0,0,,,,0,0,0,,,
"Jul 11, 2023 3:00 AM",0,0,0,0,0,0,0,0,0,,,,0,0,0,,,,0,0,0,,,
"Jul 11, 2023 4:00 AM",0,0,0,0,0,0,0,0,0,,,,0,0,0,,,,2,2,0,,,
"Jul 11, 2023 5:00 AM",7,2,5,2,0,2,3,1,2,,,,5,2,3,,,,6,3,3,,,
"Jul 11, 2023 6:00 AM",44,17,27,10,4,6,7,5,2,,,,35,20,15,,,,10,4,6,,,
"Jul 11, 2023 7:00 AM",69,37,32,30,14,16,25,14,11,,,,74,41,33,,,,39,20,19,,,
"Jul 11, 2023 8:00 AM",89,54,35,34,17,17,25,10,15,,,,80,36,44,,,,56,36,20,,,
"Jul 11, 2023 9:00 AM",91,52,39,23,13,10,33,14,19,,,,88,50,38,,,,33,15,18,,,
"Jul 11, 2023 10:00 AM",156,76,80,28,20,8,28,11,17,,,,110,60,50,,,,31,16,15,,,
"Jul 11, 2023 11:00 AM",199,126,73,44,21,23,43,24,19,,,,82,48,34,,,,39,18,21,,,
"Jul 11, 2023 12:00 PM",177,109,68,34,20,14,31,12,19,,,,128,75,53,,,,55,25,30,,,
"Jul 11, 2023 1:00 PM",186,77,109,36,13,23,27,12,15,,,,225,78,147,,,,41,17,24,,,
"Jul 11, 2023 2:00 PM",111,60,51,29,18,11,18,8,10,,,,326,145,181,,,,59,25,34,,,
"Jul 11, 2023 3:00 PM",152,73,79,35,17,18,28,19,9,,,,98,60,38,,,,42,11,31,,,
"Jul 11, 2023 4:00 PM",98,53,45,33,23,10,45,31,14,,,,228,85,143,,,,64,35,29,,,
"Jul 11, 2023 5:00 PM",177,96,81,58,40,18,53,28,25,,,,334,125,209,,,,63,22,41,,,
"Jul 11, 2023 6:00 PM",127,76,51,55,32,23,31,21,10,,,,292,99,193,,,,69,36,33,,,
"Jul 11, 2023 7:00 PM",188,94,94,75,41,34,53,22,31,,,,304,132,172,,,,71,32,39,,,
"Jul 11, 2023 8:00 PM",187,110,77,40,24,16,41,12,29,,,,105,54,51,,,,56,34,22,,,
"Jul 11, 2023 9:00 PM",111,72,39,19,3,16,19,5,14,,,,175,83,92,,,,55,21,34,,,
"Jul 11, 2023 10:00 PM",30,20,10,10,2,8,10,2,8,,,,38,27,11,,,,41,14,27,,,
"Jul 11, 2023 11:00 PM",11,6,5,7,3,4,8,4,4,,,,54,24,30,,,,7,5,2,,,
"Jul 12, 2023 12:00 AM",0,0,0,0,0,0,4,1,3,,,,76,31,45,,,,27,16,11,,,
"Jul 12, 2023 1:00 AM",1,1,0,2,0,2,1,0,1,,,,23,16,7,,,,2,2,0,,,
"Jul 12, 2023 2:00 AM",1,0,1,0,0,0,0,0,0,,,,0,0,0,,,,4,4,0,,,
"Jul 12, 2023 3:00 AM",0,0,0,0,0,0,0,0,0,,,,0,0,0,,,,1,1,0,,,
"Jul 12, 2023 4:00 AM",0,0,0,0,0,0,0,0,0,,,,0,0,0,,,,1,1,0,,,
"Jul 12, 2023 5:00 AM",6,3,3,1,0,1,1,1,0,,,,5,3,2,,,,2,1,1,,,
"Jul 12, 2023 6:00 AM",30,16,14,13,5,8,6,6,0,,,,23,17,6,,,,8,5,3,,,
"Jul 12, 2023 7:00 AM",67,32,35,15,4,11,16,9,7,,,,169,69,100,,,,29,13,16,,,
"Jul 12, 2023 8:00 AM",70,42,28,27,12,15,32,7,25,,,,238,84,154,,,,62,32,30,,,
"Jul 12, 2023 9:00 AM",88,42,46,20,11,9,19,12,7,,,,148,66,82,,,,48,21,27,,,
"Jul 12, 2023 10:00 AM",89,46,43,19,12,7,19,11,8,,,,74,30,44,,,,38,16,22,,,
"Jul 12, 2023 11:00 AM",149,74,75,44,23,21,29,19,10,,,,75,39,36,,,,39,17,22,,,
"Jul 12, 2023 12:00 PM",141,80,61,31,22,9,16,6,10,,,,74,45,29,,,,68,32,36,,,
"Jul 12, 2023 1:00 PM",191,104,87,65,25,40,52,27,25,,,,85,46,39,,,,63,26,37,,,
"Jul 12, 2023 2:00 PM",137,62,75,31,17,14,28,14,14,,,,126,74,52,,,,42,19,23,,,
"Jul 12, 2023 3:00 PM",143,79,64,39,25,14,32,21,11,,,,278,113,165,,,,66,34,32,,,
"Jul 12, 2023 4:00 PM",152,77,75,50,34,16,39,14,25,,,,315,112,203,,,,80,42,38,,,
"Jul 12, 2023 5:00 PM",156,86,70,92,60,32,47,26,21,,,,399,146,253,,,,81,36,45,,,
"Jul 12, 2023 6:00 PM",201,119,82,95,53,42,51,32,19,,,,338,130,208,,,,88,44,44,,,
"Jul 12, 2023 7:00 PM",237,137,100,65,46,19,53,29,24,,,,113,62,51,,,,76,35,41,,,
"Jul 12, 2023 8:00 PM",265,163,102,58,36,22,46,24,22,,,,87,41,46,,,,70,36,34,,,
"Jul 12, 2023 9:00 PM",161,69,92,26,13,13,20,11,9,,,,61,26,35,,,,55,22,33,,,
"Jul 12, 2023 10:00 PM",46,27,19,18,9,9,15,6,9,,,,13,7,6,,,,35,24,11,,,
"Jul 12, 2023 11:00 PM",19,11,8,1,1,0,9,5,4,,,,43,18,25,,,,15,7,8,,,
"Jul 13, 2023 12:00 AM",0,0,0,1,0,1,2,0,2,,,,29,8,21,,,,7,3,4,,,
"Jul 13, 2023 1:00 AM",0,0,0,2,0,2,0,0,0,,,,3,0,3,,,,6,5,1,,,
"Jul 13, 2023 2:00 AM",3,0,3,5,1,4,2,0,2,,,,0,0,0,,,,0,0,0,,,
"Jul 13, 2023 3:00 AM",1,0,1,2,1,1,2,0,2,,,,0,0,0,,,,0,0,0,,,
"Jul 13, 2023 4:00 AM",0,0,0,0,0,0,0,0,0,,,,1,0,1,,,,7,3,4,,,
"Jul 13, 2023 5:00 AM",10,4,6,2,1,1,3,2,1,,,,5,2,3,,,,3,2,1,,,
"Jul 13, 2023 6:00 AM",40,21,19,14,10,4,11,8,3,,,,21,12,9,,,,8,4,4,,,
"Jul 13, 2023 7:00 AM",78,38,40,45,26,19,29,14,15,,,,60,33,27,,,,23,10,13,,,
"Jul 13, 2023 8:00 AM",99,56,43,41,12,29,45,16,29,,,,566,192,374,,,,53,32,21,,,
"Jul 13, 2023 9:00 AM",89,51,38,26,16,10,29,20,9,,,,466,196,270,,,,30,13,17,,,
"Jul 13, 2023 10:00 AM",85,43,42,33,9,24,18,14,4,,,,203,108,95,,,,44,22,22,,,
"Jul 13, 2023 11:00 AM",150,91,59,49,28,21,13,8,5,,,,254,128,126,,,,57,33,24,,,
"Jul 13, 2023 12:00 PM",181,95,86,53,21,32,46,28,18,,,,140,62,78,,,,69,34,35,,,
"Jul 13, 2023 1:00 PM",183,98,85,39,23,16,39,13,26,,,,95,46,49,,,,51,25,26,,,
"Jul 13, 2023 2:00 PM",184,94,90,24,10,14,31,13,18,,,,107,60,47,,,,68,30,38,,,
"Jul 13, 2023 3:00 PM",181,110,71,43,30,13,29,22,7,,,,78,37,41,,,,99,51,48,,,
"Jul 13, 2023 4:00 PM",159,96,63,24,14,10,48,29,19,,,,397,156,241,,,,58,29,29,,,
"Jul 13, 2023 5:00 PM",140,64,76,46,32,14,52,34,18,,,,489,155,334,,,,99,57,42,,,
"Jul 13, 2023 6:00 PM",129,68,61,57,32,25,41,19,22,,,,338,138,200,,,,95,46,49,,,
"Jul 13, 2023 7:00 PM",134,79,55,43,29,14,39,24,15,,,,141,57,84,,,,57,24,33,,,
"Jul 13, 2023 8:00 PM",145,90,55,40,20,20,30,14,16,,,,45,19,26,,,,71,35,36,,,
"Jul 13, 2023 9:00 PM",106,55,51,32,17,15,19,8,11,,,,83,38,45,,,,38,19,19,,,
"Jul 13, 2023 10:00 PM",50,30,20,23,6,17,17,8,9,,,,148,31,117,,,,28,7,21,,,
"Jul 13, 2023 11:00 PM",17,15,2,3,3,0,6,0,6,,,,8,4,4,,,,16,9,7,,,
"Jul 14, 2023 12:00 AM",1,0,1,0,0,0,0,0,0,,,,179,90,89,,,,15,10,5,,,
"Jul 14, 2023 1:00 AM",3,1,2,0,0,0,0,0,0,,,,2,1,1,,,,2,2,0,,,
"Jul 14, 2023 2:00 AM",0,0,0,0,0,0,0,0,0,,,,0,0,0,,,,2,0,2,,,
"Jul 14, 2023 3:00 AM",0,0,0,0,0,0,0,0,0,,,,0,0,0,,,,3,1,2,,,
"Jul 14, 2023 4:00 AM",0,0,0,0,0,0,0,0,0,,,,149,70,79,,,,4,2,2,,,
"Jul 14, 2023 5:00 AM",8,3,5,2,1,1,1,1,0,,,,1,1,0,,,,2,1,1,,,
"Jul 14, 2023 6:00 AM",30,17,13,17,10,7,9,5,4,,,,35,15,20,,,,5,1,4,,,
"Jul 14, 2023 7:00 AM",37,18,19,21,6,15,24,8,16,,,,78,31,47,,,,24,16,8,,,
"Jul 14, 2023 8:00 AM",61,35,26,20,12,8,19,9,10,,,,46,24,22,,,,49,25,24,,,
"Jul 14, 2023 9:00 AM",23,10,13,8,3,5,11,7,4,,,,17,10,7,,,,27,12,15,,,
"Jul 14, 2023 10:00 AM",20,11,9,8,6,2,0,0,0,,,,12,5,7,,,,13,10,3,,,
"Jul 14, 2023 11:00 AM",22,12,10,15,8,7,6,1,5,,,,7,4,3,,,,13,8,5,,,
"Jul 14, 2023 12:00 PM",11,8,3,11,4,7,19,11,8,,,,14,5,9,,,,11,4,7,,,
"Jul 14, 2023 1:00 PM",7,6,1,7,6,1,12,8,4,,,,3,1,2,,,,8,3,5,,,
"Jul 14, 2023 2:00 PM",16,11,5,1,0,1,4,1,3,,,,15,9,6,,,,13,6,7,,,
"Jul 14, 2023 3:00 PM",16,5,11,3,0,3,4,2,2,,,,10,3,7,,,,23,14,9,,,
"Jul 14, 2023 4:00 PM",12,4,8,4,0,4,9,4,5,,,,16,8,8,,,,28,15,13,,,
"Jul 14, 2023 5:00 PM",45,24,21,26,22,4,33,23,10,,,,66,34,32,,,,54,26,28,,,
"Jul 14, 2023 6:00 PM",58,31,27,43,25,18,23,13,10,,,,67,32,35,,,,49,23,26,,,
"Jul 14, 2023 7:00 PM",117,59,58,37,20,17,36,14,22,,,,57,26,31,,,,53,23,30,,,
"Jul 14, 2023 8:00 PM",96,63,33,33,14,19,28,14,14,,,,49,24,25,,,,36,16,20,,,
"Jul 14, 2023 9:00 PM",96,48,48,24,14,10,34,13,21,,,,50,16,34,,,,39,18,21,,,
"Jul 14, 2023 10:00 PM",46,27,19,7,1,6,16,10,6,,,,11,6,5,,,,25,13,12,,,
"Jul 14, 2023 11:00 PM",18,9,9,8,5,3,7,2,5,,,,29,7,22,,,,13,6,7,,,
"Jul 15, 2023 12:00 AM",1,0,1,0,0,0,1,0,1,,,,32,4,28,,,,6,4,2,,,
"Jul 15, 2023 1:00 AM",4,1,3,3,1,2,1,0,1,,,,4,2,2,,,,6,6,0,,,
"Jul 15, 2023 2:00 AM",0,0,0,1,0,1,0,0,0,,,,0,0,0,,,,4,1,3,,,
"Jul 15, 2023 3:00 AM",0,0,0,2,0,2,0,0,0,,,,1,1,0,,,,1,1,0,,,
"Jul 15, 2023 4:00 AM",1,1,0,0,0,0,0,0,0,,,,0,0,0,,,,1,0,1,,,
"Jul 15, 2023 5:00 AM",5,2,3,4,3,1,4,2,2,,,,7,3,4,,,,3,2,1,,,
"Jul 15, 2023 6:00 AM",24,8,16,9,6,3,10,6,4,,,,10,7,3,,,,2,0,2,,,
"Jul 15, 2023 7:00 AM",50,25,25,27,17,10,24,11,13,,,,16,9,7,,,,8,3,5,,,
"Jul 15, 2023 8:00 AM",98,52,46,27,15,12,31,20,11,,,,56,41,15,,,,24,11,13,,,
"Jul 15, 2023 9:00 AM",89,55,34,26,11,15,11,4,7,,,,47,21,26,,,,21,7,14,,,
"Jul 15, 2023 10:00 AM",45,20,25,34,22,12,21,7,14,,,,29,18,11,,,,18,12,6,,,
"Jul 15, 2023 11:00 AM",68,35,33,41,27,14,20,10,10,,,,34,16,18,,,,33,15,18,,,
"Jul 15, 2023 12:00 PM",66,31,35,35,19,16,29,19,10,,,,51,26,25,,,,31,14,17,,,
"Jul 15, 2023 1:00 PM",51,26,25,27,11,16,14,8,6,,,,27,18,9,,,,19,9,10,,,
"Jul 15, 2023 2:00 PM",52,27,25,23,12,11,10,6,4,,,,31,17,14,,,,24,14,10,,,
"Jul 15, 2023 3:00 PM",88,48,40,19,10,9,30,14,16,,,,107,44,63,,,,38,13,25,,,
"Jul 15, 2023 4:00 PM",118,62,56,30,16,14,23,11,12,,,,105,62,43,,,,51,24,27,,,
"Jul 15, 2023 5:00 PM",160,100,60,52,27,25,46,22,24,,,,146,49,97,,,,55,28,27,,,
"Jul 15, 2023 6:00 PM",91,45,46,21,14,7,26,16,10,,,,71,37,34,,,,20,11,9,,,
"Jul 15, 2023 7:00 PM",94,50,44,9,5,4,16,9,7,,,,112,59,53,,,,46,23,23,,,
"Jul 15, 2023 8:00 PM",60,37,23,19,9,10,5,2,3,,,,233,141,92,,,,25,10,15,,,
"Jul 15, 2023 9:00 PM",42,17,25,9,2,7,10,5,5,,,,41,20,21,,,,21,10,11,,,
"Jul 15, 2023 10:00 PM",18,9,9,9,4,5,16,5,11,,,,8,4,4,,,,10,6,4,,,
"Jul 15, 2023 11:00 PM",7,3,4,6,1,5,6,4,2,,,,7,7,0,,,,6,5,1,,,
"Jul 16, 2023 12:00 AM",2,1,1,0,0,0,1,0,1,,,,15,13,2,,,,15,4,11,,,
"Jul 16, 2023 1:00 AM",6,4,2,1,1,0,2,1,1,,,,1,0,1,,,,15,11,4,,,
"Jul 16, 2023 2:00 AM",1,1,0,2,0,2,1,0,1,,,,3,2,1,,,,8,4,4,,,
"Jul 16, 2023 3:00 AM",1,1,0,0,0,0,0,0,0,,,,0,0,0,,,,9,2,7,,,
"Jul 16, 2023 4:00 AM",0,0,0,0,0,0,1,1,0,,,,0,0,0,,,,7,2,5,,,
"Jul 16, 2023 5:00 AM",1,0,1,2,1,1,2,1,1,,,,0,0,0,,,,2,1,1,,,
"Jul 16, 2023 6:00 AM",11,6,5,4,3,1,2,1,1,,,,9,6,3,,,,4,2,2,,,
"Jul 16, 2023 7:00 AM",19,10,9,8,6,2,8,6,2,,,,10,7,3,,,,10,4,6,,,
"Jul 16, 2023 8:00 AM",72,36,36,34,17,17,25,15,10,,,,49,32,17,,,,16,13,3,,,
"Jul 16, 2023 9:00 AM",131,71,60,57,33,24,40,23,17,,,,108,54,54,,,,32,8,24,,,
"Jul 16, 2023 10:00 AM",257,155,102,71,33,38,54,31,23,,,,132,78,54,,,,49,20,29,,,
"Jul 16, 2023 11:00 AM",434,266,168,92,43,49,86,50,36,,,,152,78,74,,,,54,25,29,,,
"Jul 16, 2023 12:00 PM",390,192,198,85,42,43,67,33,34,,,,94,47,47,,,,47,27,20,,,
"Jul 16, 2023 1:00 PM",382,209,173,79,41,38,71,33,38,,,,113,61,52,,,,44,21,23,,,
"Jul 16, 2023 2:00 PM",474,255,219,97,44,53,90,45,45,,,,113,58,55,,,,35,17,18,,,
"Jul 16, 2023 3:00 PM",525,291,234,81,52,29,81,42,39,,,,145,77,68,,,,50,18,32,,,
"Jul 16, 2023 4:00 PM",420,198,222,47,30,17,43,27,16,,,,72,35,37,,,,52,28,24,,,
"Jul 16, 2023 5:00 PM",179,87,92,39,18,21,40,19,21,,,,83,41,42,,,,54,28,26,,,
"Jul 16, 2023 6:00 PM",117,69,48,19,8,11,33,15,18,,,,90,35,55,,,,32,19,13,,,
"Jul 16, 2023 7:00 PM",124,61,63,17,11,6,25,11,14,,,,134,46,88,,,,50,21,29,,,
"Jul 16, 2023 8:00 PM",66,32,34,8,4,4,11,6,5,,,,233,69,164,,,,36,19,17,,,
"Jul 16, 2023 9:00 PM",69,33,36,18,13,5,16,6,10,,,,165,62,103,,,,24,10,14,,,
"Jul 16, 2023 10:00 PM",32,16,16,14,5,9,7,6,1,,,,12,7,5,,,,11,5,6,,,
"Jul 16, 2023 11:00 PM",12,7,5,1,0,1,2,1,1,,,,2,1,1,,,,8,6,2,,,
"Jul 17, 2023 12:00 AM",0,0,0,0,0,0,1,0,1,,,,8,1,7,,,,4,4,0,,,
"Jul 17, 2023 1:00 AM",2,1,1,0,0,0,0,0,0,,,,4,3,1,,,,3,2,1,,,
"Jul 17, 2023 2:00 AM",1,1,0,0,0,0,0,0,0,,,,1,0,1,,,,1,1,0,,,
"Jul 17, 2023 3:00 AM",0,0,0,1,0,1,0,0,0,,,,1,0,1,,,,4,1,3,,,
"Jul 17, 2023 4:00 AM",0,0,0,1,1,0,0,0,0,,,,1,1,0,,,,3,2,1,,,
"Jul 17, 2023 5:00 AM",8,1,7,4,1,3,2,1,1,,,,15,8,7,,,,4,2,2,,,
"Jul 17, 2023 6:00 AM",45,17,28,10,3,7,11,7,4,,,,18,10,8,,,,8,2,6,,,
"Jul 17, 2023 7:00 AM",81,52,29,19,5,14,18,10,8,,,,46,17,29,,,,28,17,11,,,
"Jul 17, 2023 8:00 AM",105,54,51,25,12,13,36,20,16,,,,49,26,23,,,,54,31,23,,,
"Jul 17, 2023 9:00 AM",80,37,43,43,22,21,25,15,10,,,,70,41,29,,,,37,22,15,,,
"Jul 17, 2023 10:00 AM",162,94,68,57,24,33,40,18,22,,,,63,34,29,,,,56,27,29,,,
"Jul 17, 2023 11:00 AM",175,94,81,39,22,17,28,11,17,,,,133,63,70,,,,59,21,38,,,
"Jul 17, 2023 12:00 PM",173,88,85,55,29,26,36,21,15,,,,123,60,63,,,,64,27,37,,,
"Jul 17, 2023 1:00 PM",209,117,92,65,33,32,57,26,31,,,,116,51,65,,,,46,16,30,,,
"Jul 17, 2023 2:00 PM",250,149,101,36,23,13,33,15,18,,,,229,85,144,,,,70,23,47,,,
"Jul 17, 2023 3:00 PM",189,109,80,38,25,13,45,19,26,,,,427,186,241,,,,49,30,19,,,
"Jul 17, 2023 4:00 PM",189,78,111,59,28,31,43,24,19,,,,419,171,248,,,,64,38,26,,,
"Jul 17, 2023 5:00 PM",156,75,81,47,31,16,52,34,18,,,,611,198,413,,,,88,45,43,,,
"Jul 17, 2023 6:00 PM",175,94,81,42,25,17,57,31,26,,,,576,221,355,,,,98,48,50,,,
"Jul 17, 2023 7:00 PM",154,82,72,32,14,18,38,21,17,,,,136,77,59,,,,50,28,22,,,
"Jul 17, 2023 8:00 PM",160,91,69,47,23,24,29,12,17,,,,175,101,74,,,,26,9,17,,,
"Jul 17, 2023 9:00 PM",161,89,72,34,17,17,25,10,15,,,,140,75,65,,,,31,16,15,,,
"Jul 17, 2023 10:00 PM",49,31,18,14,7,7,24,10,14,,,,26,11,15,,,,35,7,28,,,
"Jul 17, 2023 11:00 PM",14,9,5,5,2,3,5,3,2,,,,114,91,23,,,,1,1,0,,,
"Jul 18, 2023 12:00 AM",0,0,0,0,0,0,0,0,0,,,,61,22,39,,,,3,2,1,,,
"Jul 18, 2023 1:00 AM",1,1,0,0,0,0,1,0,1,,,,0,0,0,,,,1,0,1,,,
"Jul 18, 2023 2:00 AM",0,0,0,0,0,0,0,0,0,,,,0,0,0,,,,0,0,0,,,
"Jul 18, 2023 3:00 AM",3,3,0,0,0,0,0,0,0,,,,0,0,0,,,,3,2,1,,,
"Jul 18, 2023 4:00 AM",0,0,0,0,0,0,0,0,0,,,,0,0,0,,,,5,3,2,,,
"Jul 18, 2023 5:00 AM",6,2,4,0,0,0,1,1,0,,,,6,3,3,,,,3,1,2,,,
"Jul 18, 2023 6:00 AM",25,15,10,4,3,1,5,3,2,,,,8,5,3,,,,9,3,6,,,
"Jul 18, 2023 7:00 AM",20,9,11,14,6,8,5,2,3,,,,32,12,20,,,,17,12,5,,,
"Jul 18, 2023 8:00 AM",24,11,13,12,4,8,17,6,11,,,,49,20,29,,,,42,28,14,,,
"Jul 18, 2023 9:00 AM",30,14,16,8,4,4,12,7,5,,,,25,14,11,,,,14,4,10,,,
"Jul 18, 2023 10:00 AM",35,18,17,14,6,8,18,6,12,,,,27,13,14,,,,22,11,11,,,
"Jul 18, 2023 11:00 AM",35,20,15,9,4,5,10,4,6,,,,54,19,35,,,,14,3,11,,,
"Jul 18, 2023 12:00 PM",34,21,13,11,4,7,15,5,10,,,,44,24,20,,,,29,17,12,,,
"Jul 18, 2023 1:00 PM",92,47,45,31,17,14,34,13,21,,,,227,71,156,,,,40,18,22,,,
"Jul 18, 2023 2:00 PM",107,60,47,23,11,12,27,16,11,,,,228,98,130,,,,55,26,29,,,
"Jul 18, 2023 3:00 PM",167,80,87,44,25,19,31,16,15,,,,121,58,63,,,,58,30,28,,,
"Jul 18, 2023 4:00 PM",172,83,89,48,25,23,57,36,21,,,,408,136,272,,,,49,22,27,,,
"Jul 18, 2023 5:00 PM",191,109,82,41,23,18,57,42,15,,,,487,178,309,,,,83,34,49,,,
"Jul 18, 2023 6:00 PM",189,115,74,51,28,23,37,20,17,,,,320,117,203,,,,58,29,29,,,
"Jul 18, 2023 7:00 PM",165,90,75,58,24,34,50,31,19,,,,171,74,97,,,,49,24,25,,,
"Jul 18, 2023 8:00 PM",205,116,89,51,29,22,45,22,23,,,,86,43,43,,,,42,19,23,,,
"Jul 18, 2023 9:00 PM",147,77,70,23,9,14,24,10,14,,,,60,22,38,,,,36,18,18,,,
"Jul 18, 2023 10:00 PM",40,20,20,10,6,4,11,1,10,,,,88,31,57,,,,46,14,32,,,
"Jul 18, 2023 11:00 PM",14,10,4,2,0,2,6,3,3,,,,49,11,38,,,,7,4,3,,,
"Jul 19, 2023 12:00 AM",0,0,0,0,0,0,12,8,4,,,,60,14,46,,,,14,10,4,,,
"Jul 19, 2023 1:00 AM",0,0,0,0,0,0,0,0,0,,,,6,5,1,,,,15,11,4,,,
"Jul 19, 2023 2:00 AM",3,2,1,0,0,0,0,0,0,,,,0,0,0,,,,5,1,4,,,
"Jul 19, 2023 3:00 AM",0,0,0,0,0,0,0,0,0,,,,0,0,0,,,,1,1,0,,,
"Jul 19, 2023 4:00 AM",0,0,0,1,1,0,0,0,0,,,,0,0,0,,,,2,2,0,,,
"Jul 19, 2023 5:00 AM",13,6,7,4,1,3,5,3,2,,,,5,2,3,,,,3,1,2,,,
"Jul 19, 2023 6:00 AM",41,17,24,10,7,3,9,6,3,,,,22,12,10,,,,9,3,6,,,
"Jul 19, 2023 7:00 AM",63,33,30,27,13,14,20,9,11,,,,97,40,57,,,,29,14,15,,,
"Jul 19, 2023 8:00 AM",77,42,35,47,21,26,31,12,19,,,,396,122,274,,,,51,34,17,,,
"Jul 19, 2023 9:00 AM",122,65,57,48,26,22,39,24,15,,,,268,95,173,,,,43,18,25,,,
"Jul 19, 2023 10:00 AM",113,57,56,37,16,21,21,12,9,,,,99,57,42,,,,40,20,20,,,
"Jul 19, 2023 11:00 AM",181,101,80,33,16,17,28,9,19,,,,104,60,44,,,,51,19,32,,,
"Jul 19, 2023 12:00 PM",153,92,61,45,20,25,36,14,22,,,,93,38,55,,,,50,25,25,,,
"Jul 19, 2023 1:00 PM",144,74,70,41,26,15,50,22,28,,,,79,44,35,,,,52,20,32,,,
"Jul 19, 2023 2:00 PM",198,116,82,28,16,12,38,18,20,,,,69,37,32,,,,58,23,35,,,
"Jul 19, 2023 3:00 PM",173,104,69,32,11,21,20,8,12,,,,335,90,245,,,,39,22,17,,,
"Jul 19, 2023 4:00 PM",167,80,87,41,18,23,35,24,11,,,,503,175,328,,,,55,23,32,,,
"Jul 19, 2023 5:00 PM",146,79,67,47,27,20,38,21,17,,,,489,170,319,,,,76,36,40,,,
"Jul 19, 2023 6:00 PM",147,76,71,43,30,13,61,43,18,,,,371,126,245,,,,82,33,49,,,
"Jul 19, 2023 7:00 PM",112,59,53,26,17,9,32,18,14,,,,62,35,27,,,,60,39,21,,,
"Jul 19, 2023 8:00 PM",170,96,74,36,22,14,24,15,9,,,,70,27,43,,,,60,36,24,,,
"Jul 19, 2023 9:00 PM",147,87,60,24,10,14,18,8,10,,,,38,17,21,,,,49,21,28,,,
"Jul 19, 2023 10:00 PM",64,25,39,17,4,13,12,5,7,,,,15,8,7,,,,31,11,20,,,
"Jul 19, 2023 11:00 PM",15,7,8,0,0,0,11,6,5,,,,3,0,3,,,,11,9,2,,,
"Jul 20, 2023 12:00 AM",0,0,0,1,0,1,0,0,0,,,,13,7,6,,,,11,8,3,,,
"Jul 20, 2023 1:00 AM",8,7,1,0,0,0,0,0,0,,,,1,0,1,,,,6,3,3,,,
"Jul 20, 2023 2:00 AM",0,0,0,0,0,0,0,0,0,,,,0,0,0,,,,0,0,0,,,
"Jul 20, 2023 3:00 AM",0,0,0,1,1,0,0,0,0,,,,0,0,0,,,,1,1,0,,,
"Jul 20, 2023 4:00 AM",0,0,0,2,2,0,3,1,2,,,,1,0,1,,,,2,2,0,,,
"Jul 20, 2023 5:00 AM",9,3,6,0,0,0,0,0,0,,,,2,1,1,,,,2,1,1,,,
"Jul 20, 2023 6:00 AM",25,12,13,6,3,3,5,5,0,,,,23,10,13,,,,11,4,7,,,
"Jul 20, 2023 7:00 AM",80,37,43,28,17,11,30,15,15,,,,77,41,36,,,,25,14,11,,,
"Jul 20, 2023 8:00 AM",81,46,35,37,11,26,38,14,24,,,,112,47,65,,,,72,47,25,,,
"Jul 20, 2023 9:00 AM",104,49,55,34,20,14,34,20,14,,,,129,52,77,,,,37,15,22,,,
"Jul 20, 2023 10:00 AM",129,68,61,33,16,17,31,17,14,,,,148,69,79,,,,43,18,25,,,
"Jul 20, 2023 11:00 AM",91,52,39,31,14,17,22,8,14,,,,210,74,136,,,,32,13,19,,,
"Jul 20, 2023 12:00 PM",98,39,59,23,12,11,39,20,19,,,,176,54,122,,,,35,15,20,,,
"Jul 20, 2023 1:00 PM",154,81,73,46,21,25,39,18,21,,,,177,79,98,,,,52,25,27,,,
"Jul 20, 2023 2:00 PM",124,68,56,38,17,21,27,14,13,,,,140,58,82,,,,44,20,24,,,
"Jul 20, 2023 3:00 PM",163,92,71,46,32,14,41,26,15,,,,226,82,144,,,,57,31,26,,,
"Jul 20, 2023 4:00 PM",185,114,71,28,19,9,43,25,18,,,,644,251,393,,,,70,39,31,,,
"Jul 20, 2023 5:00 PM",165,72,93,38,19,19,36,23,13,,,,501,161,340,,,,71,28,43,,,
"Jul 20, 2023 6:00 PM",106,52,54,41,27,14,38,22,16,,,,363,130,233,,,,61,33,28,,,
"Jul 20, 2023 7:00 PM",129,79,50,30,14,16,21,10,11,,,,122,47,75,,,,45,23,22,,,
"Jul 20, 2023 8:00 PM",117,62,55,23,14,9,31,16,15,,,,325,122,203,,,,39,17,22,,,
"Jul 20, 2023 9:00 PM",90,56,34,19,9,10,22,7,15,,,,178,84,94,,,,45,16,29,,,
"Jul 20, 2023 10:00 PM",44,25,19,18,10,8,8,4,4,,,,10,5,5,,,,25,14,11,,,
"Jul 20, 2023 11:00 PM",7,5,2,4,1,3,1,1,0,,,,72,36,36,,,,11,5,6,,,
"Jul 21, 2023 12:00 AM",0,0,0,1,0,1,3,0,3,,,,22,8,14,,,,6,4,2,,,
"Jul 21, 2023 1:00 AM",0,0,0,0,0,0,3,2,1,,,,2,2,0,,,,1,0,1,,,
"Jul 21, 2023 2:00 AM",0,0,0,1,0,1,4,2,2,,,,0,0,0,,,,2,1,1,,,
"Jul 21, 2023 3:00 AM",0,0,0,0,0,0,0,0,0,,,,0,0,0,,,,1,1,0,,,
"Jul 21, 2023 4:00 AM",0,0,0,1,1,0,0,0,0,,,,0,0,0,,,,4,2,2,,,
"Jul 21, 2023 5:00 AM",7,1,6,1,0,1,2,1,1,,,,7,4,3,,,,1,0,1,,,
"Jul 21, 2023 6:00 AM",43,24,19,6,4,2,6,4,2,,,,24,7,17,,,,7,3,4,,,
"Jul 21, 2023 7:00 AM",50,29,21,29,14,15,11,5,6,,,,58,29,29,,,,19,9,10,,,
"Jul 21, 2023 8:00 AM",78,38,40,59,30,29,26,16,10,,,,244,98,146,,,,59,34,25,,,
"Jul 21, 2023 9:00 AM",127,90,37,40,17,23,20,12,8,,,,147,70,77,,,,28,11,17,,,
"Jul 21, 2023 10:00 AM",148,82,66,38,21,17,21,12,9,,,,114,61,53,,,,36,16,20,,,
"Jul 21, 2023 11:00 AM",229,110,119,29,14,15,29,15,14,,,,173,80,93,,,,37,15,22,,,
"Jul 21, 2023 12:00 PM",200,100,100,49,30,19,35,19,16,,,,96,52,44,,,,53,18,35,,,
"Jul 21, 2023 1:00 PM",176,103,73,50,23,27,34,25,9,,,,119,44,75,,,,45,15,30,,,
"Jul 21, 2023 2:00 PM",197,93,104,52,32,20,30,15,15,,,,425,165,260,,,,55,25,30,,,
"Jul 21, 2023 3:00 PM",237,160,77,50,35,15,32,23,9,,,,381,122,259,,,,57,28,29,,,
"Jul 21, 2023 4:00 PM",252,97,155,31,20,11,21,12,9,,,,323,93,230,,,,78,32,46,,,
"Jul 21, 2023 5:00 PM",81,36,45,15,7,8,28,18,10,,,,442,142,300,,,,72,28,44,,,
"Jul 21, 2023 6:00 PM",109,55,54,16,10,6,28,12,16,,,,110,34,76,,,,59,32,27,,,
"Jul 21, 2023 7:00 PM",53,24,29,18,14,4,23,8,15,,,,77,21,56,,,,45,18,27,,,
"Jul 21, 2023 8:00 PM",78,47,31,13,7,6,17,11,6,,,,81,32,49,,,,52,32,20,,,
"Jul 21, 2023 9:00 PM",49,28,21,13,5,8,9,4,5,,,,49,17,32,,,,30,17,13,,,
"Jul 21, 2023 10:00 PM",17,8,9,6,0,6,9,2,7,,,,39,8,31,,,,26,11,15,,,
"Jul 21, 2023 11:00 PM",11,3,8,3,0,3,7,0,7,,,,97,29,68,,,,17,11,6,,,
"Jul 22, 2023 12:00 AM",0,0,0,0,0,0,5,2,3,,,,86,20,66,,,,2,2,0,,,
"Jul 22, 2023 1:00 AM",3,2,1,1,0,1,2,2,0,,,,0,0,0,,,,4,4,0,,,
"Jul 22, 2023 2:00 AM",1,0,1,1,1,0,1,1,0,,,,2,0,2,,,,5,3,2,,,
"Jul 22, 2023 3:00 AM",0,0,0,0,0,0,0,0,0,,,,0,0,0,,,,3,2,1,,,
"Jul 22, 2023 4:00 AM",0,0,0,0,0,0,0,0,0,,,,0,0,0,,,,2,1,1,,,
"Jul 22, 2023 5:00 AM",1,0,1,2,2,0,2,2,0,,,,0,0,0,,,,0,0,0,,,
"Jul 22, 2023 6:00 AM",12,3,9,4,3,1,3,1,2,,,,5,3,2,,,,4,2,2,,,
"Jul 22, 2023 7:00 AM",36,18,18,11,5,6,10,6,4,,,,36,14,22,,,,6,3,3,,,
"Jul 22, 2023 8:00 AM",70,36,34,29,14,15,18,12,6,,,,48,27,21,,,,26,10,16,,,
"Jul 22, 2023 9:00 AM",122,60,62,51,24,27,47,29,18,,,,64,39,25,,,,36,19,17,,,
"Jul 22, 2023 10:00 AM",204,101,103,51,33,18,52,31,21,,,,106,55,51,,,,59,26,33,,,
"Jul 22, 2023 11:00 AM",215,131,84,75,40,35,50,21,29,,,,130,58,72,,,,62,41,21,,,
"Jul 22, 2023 12:00 PM",200,108,92,74,52,22,47,29,18,,,,206,65,141,,,,48,18,30,,,
"Jul 22, 2023 1:00 PM",267,177,90,46,28,18,50,33,17,,,,86,47,39,,,,41,23,18,,,
"Jul 22, 2023 2:00 PM",206,112,94,53,25,28,42,18,24,,,,83,39,44,,,,43,21,22,,,
"Jul 22, 2023 3:00 PM",254,133,121,39,22,17,29,15,14,,,,128,72,56,,,,53,22,31,,,
"Jul 22, 2023 4:00 PM",291,153,138,73,36,37,63,37,26,,,,115,59,56,,,,55,26,29,,,
"Jul 22, 2023 5:00 PM",173,85,88,58,21,37,35,13,22,,,,154,64,90,,,,33,15,18,,,
"Jul 22, 2023 6:00 PM",100,51,49,23,9,14,25,15,10,,,,28,7,21,,,,31,10,21,,,
"Jul 22, 2023 7:00 PM",49,30,19,5,5,0,14,9,5,,,,39,12,27,,,,25,12,13,,,
"Jul 22, 2023 8:00 PM",16,11,5,3,1,2,15,6,9,,,,57,19,38,,,,12,3,9,,,
"Jul 22, 2023 9:00 PM",20,9,11,7,2,5,4,0,4,,,,46,19,27,,,,16,11,5,,,
"Jul 22, 2023 10:00 PM",25,11,14,4,1,3,9,5,4,,,,7,5,2,,,,9,6,3,,,
"Jul 22, 2023 11:00 PM",14,11,3,2,1,1,8,5,3,,,,11,6,5,,,,14,9,5,,,
"Jul 23, 2023 12:00 AM",1,1,0,1,0,1,3,0,3,,,,1,0,1,,,,10,7,3,,,
"Jul 23, 2023 1:00 AM",1,0,1,0,0,0,0,0,0,,,,0,0,0,,,,10,10,0,,,
"Jul 23, 2023 2:00 AM",2,2,0,0,0,0,0,0,0,,,,0,0,0,,,,2,1,1,,,
"Jul 23, 2023 3:00 AM",0,0,0,0,0,0,4,2,2,,,,1,1,0,,,,3,2,1,,,
"Jul 23, 2023 4:00 AM",0,0,0,0,0,0,0,0,0,,,,0,0,0,,,,4,2,2,,,
"Jul 23, 2023 5:00 AM",0,0,0,3,0,3,1,0,1,,,,2,0,2,,,,0,0,0,,,
"Jul 23, 2023 6:00 AM",12,6,6,2,2,0,3,1,2,,,,6,4,2,,,,4,2,2,,,
"Jul 23, 2023 7:00 AM",35,16,19,14,8,6,11,5,6,,,,18,7,11,,,,12,6,6,,,
"Jul 23, 2023 8:00 AM",60,28,32,31,21,10,25,14,11,,,,52,32,20,,,,26,12,14,,,
"Jul 23, 2023 9:00 AM",140,80,60,66,35,31,44,26,18,,,,89,42,47,,,,43,23,20,,,
"Jul 23, 2023 10:00 AM",213,133,80,50,29,21,58,37,21,,,,87,48,39,,,,36,17,19,,,
"Jul 23, 2023 11:00 AM",283,152,131,56,35,21,66,39,27,,,,110,60,50,,,,40,29,11,,,
"Jul 23, 2023 12:00 PM",234,128,106,52,21,31,45,25,20,,,,52,31,21,,,,39,16,23,,,
"Jul 23, 2023 1:00 PM",133,65,68,32,20,12,21,10,11,,,,32,14,18,,,,25,10,15,,,
"Jul 23, 2023 2:00 PM",100,65,35,33,15,18,20,9,11,,,,23,12,11,,,,16,3,13,,,
"Jul 23, 2023 3:00 PM",129,59,70,34,16,18,19,8,11,,,,26,14,12,,,,15,9,6,,,
"Jul 23, 2023 4:00 PM",80,37,43,28,20,8,19,3,16,,,,49,22,27,,,,26,14,12,,,
"Jul 23, 2023 5:00 PM",72,46,26,30,15,15,19,9,10,,,,56,29,27,,,,23,12,11,,,
"Jul 23, 2023 6:00 PM",69,40,29,38,23,15,18,4,14,,,,36,21,15,,,,38,16,22,,,
"Jul 23, 2023 7:00 PM",51,29,22,21,16,5,12,8,4,,,,74,32,42,,,,42,21,21,,,
"Jul 23, 2023 8:00 PM",78,47,31,19,9,10,24,14,10,,,,53,24,29,,,,26,12,14,,,
"Jul 23, 2023 9:00 PM",47,24,23,20,8,12,22,10,12,,,,20,7,13,,,,21,8,13,,,
"Jul 23, 2023 10:00 PM",21,11,10,7,2,5,12,4,8,,,,1,0,1,,,,25,8,17,,,
"Jul 23, 2023 11:00 PM",13,8,5,2,0,2,6,2,4,,,,15,4,11,,,,4,2,2,,,
"Jul 24, 2023 12:00 AM",0,0,0,0,0,0,1,0,1,,,,31,3,28,,,,9,5,4,,,
"Jul 24, 2023 1:00 AM",0,0,0,0,0,0,0,0,0,,,,4,3,1,,,,1,1,0,,,
"Jul 24, 2023 2:00 AM",0,0,0,0,0,0,0,0,0,,,,6,6,0,,,,0,0,0,,,
"Jul 24, 2023 3:00 AM",0,0,0,0,0,0,0,0,0,,,,0,0,0,,,,1,1,0,,,
"Jul 24, 2023 4:00 AM",0,0,0,1,1,0,0,0,0,,,,0,0,0,,,,1,1,0,,,
"Jul 24, 2023 5:00 AM",9,4,5,3,1,2,1,1,0,,,,7,4,3,,,,1,0,1,,,
"Jul 24, 2023 6:00 AM",30,11,19,9,6,3,8,5,3,,,,21,14,7,,,,9,3,6,,,
"Jul 24, 2023 7:00 AM",60,33,27,19,10,9,19,8,11,,,,40,19,21,,,,31,19,12,,,
"Jul 24, 2023 8:00 AM",91,38,53,33,14,19,25,14,11,,,,99,49,50,,,,61,35,26,,,
"Jul 24, 2023 9:00 AM",103,51,52,23,9,14,28,17,11,,,,99,51,48,,,,44,17,27,,,
"Jul 24, 2023 10:00 AM",145,75,70,28,11,17,34,10,24,,,,130,94,36,,,,41,14,27,,,
"Jul 24, 2023 11:00 AM",236,148,88,44,23,21,34,20,14,,,,129,63,66,,,,51,29,22,,,
"Jul 24, 2023 12:00 PM",226,141,85,49,29,20,54,37,17,,,,153,82,71,,,,55,26,29,,,
"Jul 24, 2023 1:00 PM",216,115,101,46,31,15,68,35,33,,,,152,71,81,,,,48,27,21,,,
"Jul 24, 2023 2:00 PM",233,111,122,43,26,17,31,17,14,,,,94,49,45,,,,95,43,52,,,
"Jul 24, 2023 3:00 PM",155,86,69,42,16,26,31,18,13,,,,118,79,39,,,,54,28,26,,,
"Jul 24, 2023 4:00 PM",123,63,60,27,18,9,26,16,10,,,,79,41,38,,,,71,37,34,,,
"Jul 24, 2023 5:00 PM",129,77,52,60,35,25,44,23,21,,,,283,101,182,,,,69,36,33,,,
"Jul 24, 2023 6:00 PM",165,88,77,88,46,42,32,14,18,,,,466,155,311,,,,72,37,35,,,
"Jul 24, 2023 7:00 PM",206,119,87,42,16,26,32,16,16,,,,136,71,65,,,,71,45,26,,,
"Jul 24, 2023 8:00 PM",179,96,83,45,23,22,23,11,12,,,,86,44,42,,,,53,34,19,,,
"Jul 24, 2023 9:00 PM",118,55,63,22,9,13,18,7,11,,,,133,53,80,,,,47,22,25,,,
"Jul 24, 2023 10:00 PM",32,23,9,12,8,4,13,9,4,,,,27,10,17,,,,31,14,17,,,
"Jul 24, 2023 11:00 PM",9,2,7,1,0,1,2,1,1,,,,6,4,2,,,,6,5,1,,,
"Jul 25, 2023 12:00 AM",0,0,0,0,0,0,0,0,0,,,,28,18,10,,,,24,12,12,,,
"Jul 25, 2023 1:00 AM",0,0,0,0,0,0,0,0,0,,,,33,22,11,,,,6,6,0,,,
"Jul 25, 2023 2:00 AM",0,0,0,2,0,2,1,0,1,,,,15,5,10,,,,1,0,1,,,
"Jul 25, 2023 3:00 AM",1,1,0,1,0,1,0,0,0,,,,2,1,1,,,,4,4,0,,,
"Jul 25, 2023 4:00 AM",1,0,1,0,0,0,2,2,0,,,,9,5,4,,,,3,1,2,,,
"Jul 25, 2023 5:00 AM",13,5,8,4,1,3,3,3,0,,,,9,5,4,,,,8,7,1,,,
"Jul 25, 2023 6:00 AM",45,18,27,5,3,2,7,4,3,,,,45,31,14,,,,16,8,8,,,
"Jul 25, 2023 7:00 AM",72,39,33,21,11,10,20,10,10,,,,84,48,36,,,,37,15,22,,,
"Jul 25, 2023 8:00 AM",85,44,41,32,8,24,26,7,19,,,,113,67,46,,,,60,32,28,,,
"Jul 25, 2023 9:00 AM",115,59,56,35,17,18,28,13,15,,,,80,34,46,,,,39,19,20,,,
"Jul 25, 2023 10:00 AM",175,98,77,34,18,16,50,29,21,,,,95,45,50,,,,44,19,25,,,
"Jul 25, 2023 11:00 AM",223,133,90,79,48,31,33,15,18,,,,86,50,36,,,,56,16,40,,,
"Jul 25, 2023 12:00 PM",203,112,91,55,26,29,56,23,33,,,,100,39,61,,,,58,24,34,,,
"Jul 25, 2023 1:00 PM",220,116,104,64,37,27,64,30,34,,,,183,93,90,,,,56,21,35,,,
"Jul 25, 2023 2:00 PM",237,114,123,96,34,62,31,19,12,,,,117,43,74,,,,76,44,32,,,
"Jul 25, 2023 3:00 PM",221,93,128,42,19,23,29,17,12,,,,108,54,54,,,,59,36,23,,,
"Jul 25, 2023 4:00 PM",188,106,82,36,18,18,28,19,9,,,,207,94,113,,,,71,27,44,,,
"Jul 25, 2023 5:00 PM",166,98,68,57,38,19,51,25,26,,,,253,116,137,,,,78,38,40,,,
"Jul 25, 2023 6:00 PM",175,97,78,70,43,27,42,25,17,,,,388,185,203,,,,80,39,41,,,
"Jul 25, 2023 7:00 PM",207,112,95,70,36,34,49,27,22,,,,224,119,105,,,,84,52,32,,,
"Jul 25, 2023 8:00 PM",226,136,90,48,32,16,29,17,12,,,,149,87,62,,,,57,27,30,,,
"Jul 25, 2023 9:00 PM",194,101,93,35,14,21,42,24,18,,,,86,34,52,,,,40,16,24,,,
"Jul 25, 2023 10:00 PM",71,34,37,12,4,8,17,8,9,,,,19,9,10,,,,42,16,26,,,
"Jul 25, 2023 11:00 PM",10,6,4,5,4,1,4,1,3,,,,30,22,8,,,,11,3,8,,,
"Jul 26, 2023 12:00 AM",0,0,0,0,0,0,0,0,0,,,,54,35,19,,,,8,4,4,,,
"Jul 26, 2023 1:00 AM",1,0,1,2,1,1,1,1,0,,,,0,0,0,,,,2,2,0,,,
"Jul 26, 2023 2:00 AM",0,0,0,0,0,0,0,0,0,,,,0,0,0,,,,8,3,5,,,
"Jul 26, 2023 3:00 AM",0,0,0,1,1,0,0,0,0,,,,1,1,0,,,,1,1,0,,,
"Jul 26, 2023 4:00 AM",0,0,0,1,1,0,0,0,0,,,,0,0,0,,,,1,1,0,,,
"Jul 26, 2023 5:00 AM",9,6,3,1,0,1,2,1,1,,,,5,4,1,,,,7,4,3,,,
"Jul 26, 2023 6:00 AM",39,16,23,12,6,6,9,6,3,,,,27,16,11,,,,6,2,4,,,
"Jul 26, 2023 7:00 AM",70,35,35,32,13,19,25,11,14,,,,381,120,261,,,,34,17,17,,,
"Jul 26, 2023 8:00 AM",119,59,60,47,23,24,39,13,26,,,,510,165,345,,,,44,21,23,,,
"Jul 26, 2023 9:00 AM",77,46,31,35,17,18,43,19,24,,,,274,92,182,,,,37,15,22,,,
"Jul 26, 2023 10:00 AM",58,29,29,6,0,6,21,13,8,,,,64,42,22,,,,20,7,13,,,
"Jul 26, 2023 11:00 AM",111,75,36,20,4,16,16,8,8,,,,76,30,46,,,,32,18,14,,,
"Jul 26, 2023 12:00 PM",93,41,52,18,12,6,22,12,10,,,,87,53,34,,,,16,8,8,,,
"Jul 26, 2023 1:00 PM",88,54,34,21,14,7,30,14,16,,,,103,46,57,,,,23,12,11,,,
"Jul 26, 2023 2:00 PM",46,27,19,6,4,2,9,8,1,,,,31,9,22,,,,21,7,14,,,
"Jul 26, 2023 3:00 PM",25,9,16,18,7,11,14,11,3,,,,21,13,8,,,,26,14,12,,,
"Jul 26, 2023 4:00 PM",36,18,18,10,5,5,25,16,9,,,,45,14,31,,,,33,16,17,,,
"Jul 26, 2023 5:00 PM",48,23,25,23,12,11,31,14,17,,,,81,24,57,,,,46,28,18,,,
"Jul 26, 2023 6:00 PM",69,29,40,34,18,16,31,18,13,,,,74,36,38,,,,65,34,31,,,
"Jul 26, 2023 7:00 PM",109,56,53,34,20,14,45,22,23,,,,75,49,26,,,,47,23,24,,,
"Jul 26, 2023 8:00 PM",135,75,60,36,23,13,35,19,16,,,,69,30,39,,,,37,16,21,,,
"Jul 26, 2023 9:00 PM",85,42,43,34,13,21,15,6,9,,,,28,12,16,,,,26,16,10,,,
"Jul 26, 2023 10:00 PM",43,27,16,20,12,8,14,6,8,,,,3,3,0,,,,24,14,10,,,
"Jul 26, 2023 11:00 PM",5,3,2,6,3,3,5,2,3,,,,24,9,15,,,,1,1,0,,,
"Jul 27, 2023 12:00 AM",0,0,0,0,0,0,5,1,4,,,,13,10,3,,,,5,5,0,,,
"Jul 27, 2023 1:00 AM",0,0,0,2,0,2,1,0,1,,,,0,0,0,,,,4,4,0,,,
"Jul 27, 2023 2:00 AM",0,0,0,1,1,0,1,1,0,,,,0,0,0,,,,1,0,1,,,
"Jul 27, 2023 3:00 AM",1,1,0,0,0,0,0,0,0,,,,0,0,0,,,,1,1,0,,,
"Jul 27, 2023 4:00 AM",0,0,0,1,1,0,0,0,0,,,,0,0,0,,,,1,1,0,,,
"Jul 27, 2023 5:00 AM",5,1,4,2,1,1,2,2,0,,,,3,3,0,,,,3,2,1,,,
"Jul 27, 2023 6:00 AM",35,13,22,9,7,2,15,10,5,,,,23,12,11,,,,12,8,4,,,
"Jul 27, 2023 7:00 AM",75,42,33,26,9,17,18,7,11,,,,53,25,28,,,,27,13,14,,,
"Jul 27, 2023 8:00 AM",99,53,46,24,12,12,29,15,14,,,,84,37,47,,,,42,16,26,,,
"Jul 27, 2023 9:00 AM",89,42,47,33,20,13,32,18,14,,,,82,44,38,,,,25,8,17,,,
"Jul 27, 2023 10:00 AM",123,64,59,20,7,13,22,16,6,,,,206,93,113,,,,32,17,15,,,
"Jul 27, 2023 11:00 AM",202,114,88,40,26,14,39,20,19,,,,235,96,139,,,,36,14,22,,,
"Jul 27, 2023 12:00 PM",288,166,122,38,14,24,49,19,30,,,,290,136,154,,,,61,24,37,,,
"Jul 27, 2023 1:00 PM",247,116,131,38,19,19,58,31,27,,,,150,86,64,,,,48,21,27,,,
"Jul 27, 2023 2:00 PM",201,105,96,40,19,21,16,9,7,,,,135,93,42,,,,46,18,28,,,
"Jul 27, 2023 3:00 PM",196,106,90,25,15,10,43,30,13,,,,323,123,200,,,,61,27,34,,,
"Jul 27, 2023 4:00 PM",196,87,109,48,26,22,53,27,26,,,,401,145,256,,,,52,23,29,,,
"Jul 27, 2023 5:00 PM",203,106,97,42,19,23,61,31,30,,,,354,114,240,,,,66,40,26,,,
"Jul 27, 2023 6:00 PM",234,130,104,62,38,24,55,31,24,,,,339,128,211,,,,87,51,36,,,
"Jul 27, 2023 7:00 PM",272,152,120,64,42,22,83,45,38,,,,195,110,85,,,,79,38,41,,,
"Jul 27, 2023 8:00 PM",274,153,121,65,28,37,49,27,22,,,,163,67,96,,,,88,38,50,,,
"Jul 27, 2023 9:00 PM",149,75,74,38,15,23,55,24,31,,,,53,21,32,,,,52,26,26,,,
"Jul 27, 2023 10:00 PM",95,70,25,14,12,2,35,9,26,,,,9,4,5,,,,28,13,15,,,
"Jul 27, 2023 11:00 PM",40,24,16,12,0,12,35,10,25,,,,15,4,11,,,,13,4,9,,,
"Jul 28, 2023 12:00 AM",0,0,0,0,0,0,4,0,4,,,,10,7,3,,,,8,6,2,,,
"Jul 28, 2023 1:00 AM",3,3,0,1,1,0,1,0,1,,,,6,4,2,,,,4,4,0,,,
"Jul 28, 2023 2:00 AM",0,0,0,0,0,0,3,0,3,,,,1,0,1,,,,1,0,1,,,
"Jul 28, 2023 3:00 AM",0,0,0,0,0,0,0,0,0,,,,1,1,0,,,,4,3,1,,,
"Jul 28, 2023 4:00 AM",1,0,1,1,1,0,0,0,0,,,,1,0,1,,,,4,1,3,,,
"Jul 28, 2023 5:00 AM",8,2,6,1,1,0,3,1,2,,,,4,2,2,,,,3,1,2,,,
"Jul 28, 2023 6:00 AM",38,19,19,8,4,4,9,7,2,,,,27,14,13,,,,6,4,2,,,
"Jul 28, 2023 7:00 AM",61,38,23,28,12,16,27,13,14,,,,52,25,27,,,,23,12,11,,,
"Jul 28, 2023 8:00 AM",116,58,58,27,13,14,38,19,19,,,,69,34,35,,,,35,14,21,,,
"Jul 28, 2023 9:00 AM",110,56,54,28,10,18,30,15,15,,,,90,51,39,,,,27,16,11,,,
"Jul 28, 2023 10:00 AM",167,112,55,53,29,24,31,15,16,,,,93,49,44,,,,40,23,17,,,
"Jul 28, 2023 11:00 AM",235,146,89,50,18,32,45,30,15,,,,86,50,36,,,,44,22,22,,,
"Jul 28, 2023 12:00 PM",236,125,111,39,26,13,44,27,17,,,,144,79,65,,,,46,21,25,,,
"Jul 28, 2023 1:00 PM",221,123,98,39,28,11,39,21,18,,,,134,68,66,,,,37,16,21,,,
"Jul 28, 2023 2:00 PM",210,124,86,45,34,11,21,11,10,,,,103,55,48,,,,48,24,24,,,
"Jul 28, 2023 3:00 PM",318,181,137,44,24,20,39,26,13,,,,122,53,69,,,,60,26,34,,,
"Jul 28, 2023 4:00 PM",276,128,148,52,28,24,54,32,22,,,,206,104,102,,,,54,27,27,,,
"Jul 28, 2023 5:00 PM",208,98,110,52,28,24,59,29,30,,,,212,90,122,,,,56,29,27,,,
"Jul 28, 2023 6:00 PM",173,97,76,48,33,15,33,11,22,,,,296,147,149,,,,79,41,38,,,
"Jul 28, 2023 7:00 PM",171,85,86,45,21,24,43,27,16,,,,267,152,115,,,,50,27,23,,,
"Jul 28, 2023 8:00 PM",182,96,86,48,27,21,60,32,28,,,,495,204,291,,,,39,15,24,,,
"Jul 28, 2023 9:00 PM",112,52,60,23,11,12,21,9,12,,,,101,44,57,,,,50,21,29,,,
"Jul 28, 2023 10:00 PM",56,25,31,10,1,9,13,5,8,,,,89,46,43,,,,16,9,7,,,
"Jul 28, 2023 11:00 PM",52,40,12,4,2,2,18,4,14,,,,195,87,108,,,,14,6,8,,,
"Jul 29, 2023 12:00 AM",1,1,0,1,0,1,4,0,4,,,,63,38,25,,,,11,6,5,,,
"Jul 29, 2023 1:00 AM",3,2,1,1,1,0,1,1,0,,,,83,46,37,,,,4,3,1,,,
"Jul 29, 2023 2:00 AM",1,0,1,5,1,4,0,0,0,,,,7,3,4,,,,5,4,1,,,
"Jul 29, 2023 3:00 AM",0,0,0,0,0,0,3,1,2,,,,2,0,2,,,,2,2,0,,,
"Jul 29, 2023 4:00 AM",0,0,0,1,0,1,0,0,0,,,,5,2,3,,,,1,1,0,,,
"Jul 29, 2023 5:00 AM",4,4,0,3,3,0,6,3,3,,,,2,1,1,,,,0,0,0,,,
"Jul 29, 2023 6:00 AM",23,10,13,3,3,0,5,2,3,,,,34,16,18,,,,7,3,4,,,
"Jul 29, 2023 7:00 AM",61,39,22,18,5,13,13,7,6,,,,36,21,15,,,,16,8,8,,,
"Jul 29, 2023 8:00 AM",112,63,49,45,28,17,41,24,17,,,,77,43,34,,,,30,17,13,,,
"Jul 29, 2023 9:00 AM",200,108,92,50,31,19,66,35,31,,,,79,50,29,,,,61,37,24,,,
"Jul 29, 2023 10:00 AM",272,153,119,82,46,36,61,27,34,,,,126,81,45,,,,85,57,28,,,
"Jul 29, 2023 11:00 AM",317,198,119,82,29,53,70,41,29,,,,132,64,68,,,,94,67,27,,,
"Jul 29, 2023 12:00 PM",269,143,126,66,30,36,62,39,23,,,,81,39,42,,,,61,31,30,,,
"Jul 29, 2023 1:00 PM",320,172,148,77,41,36,50,19,31,,,,111,61,50,,,,60,33,27,,,
"Jul 29, 2023 2:00 PM",421,199,222,60,27,33,69,40,29,,,,84,46,38,,,,32,11,21,,,
"Jul 29, 2023 3:00 PM",370,194,176,56,35,21,54,24,30,,,,129,69,60,,,,64,39,25,,,
"Jul 29, 2023 4:00 PM",401,202,199,58,31,27,77,27,50,,,,127,50,77,,,,51,30,21,,,
"Jul 29, 2023 5:00 PM",330,199,131,52,36,16,66,37,29,,,,76,43,33,,,,49,26,23,,,
"Jul 29, 2023 6:00 PM",264,106,158,48,20,28,50,27,23,,,,94,43,51,,,,42,22,20,,,
"Jul 29, 2023 7:00 PM",190,104,86,29,16,13,44,18,26,,,,56,31,25,,,,35,14,21,,,
"Jul 29, 2023 8:00 PM",170,95,75,33,19,14,44,14,30,,,,74,39,35,,,,83,31,52,,,
"Jul 29, 2023 9:00 PM",142,70,72,24,11,13,19,10,9,,,,31,8,23,,,,42,20,22,,,
"Jul 29, 2023 10:00 PM",76,50,26,17,4,13,38,22,16,,,,46,16,30,,,,14,6,8,,,
"Jul 29, 2023 11:00 PM",26,20,6,13,6,7,10,0,10,,,,66,33,33,,,,29,18,11,,,
"Jul 30, 2023 12:00 AM",4,4,0,2,0,2,3,2,1,,,,39,18,21,,,,13,8,5,,,
"Jul 30, 2023 1:00 AM",2,1,1,0,0,0,1,0,1,,,,18,8,10,,,,10,8,2,,,
"Jul 30, 2023 2:00 AM",2,0,2,0,0,0,0,0,0,,,,1,0,1,,,,15,6,9,,,
"Jul 30, 2023 3:00 AM",0,0,0,0,0,0,0,0,0,,,,3,1,2,,,,6,5,1,,,
"Jul 30, 2023 4:00 AM",0,0,0,0,0,0,0,0,0,,,,0,0,0,,,,8,2,6,,,
"Jul 30, 2023 5:00 AM",1,1,0,1,0,1,0,0,0,,,,6,3,3,,,,6,4,2,,,
"Jul 30, 2023 6:00 AM",9,5,4,3,3,0,3,1,2,,,,12,6,6,,,,0,0,0,,,
"Jul 30, 2023 7:00 AM",40,23,17,12,7,5,6,4,2,,,,28,18,10,,,,20,10,10,,,
"Jul 30, 2023 8:00 AM",99,52,47,41,24,17,26,10,16,,,,58,37,21,,,,15,8,7,,,
"Jul 30, 2023 9:00 AM",222,135,87,64,45,19,44,28,16,,,,287,104,183,,,,38,13,25,,,
"Jul 30, 2023 10:00 AM",361,226,135,93,61,32,64,36,28,,,,146,85,61,,,,41,21,20,,,
"Jul 30, 2023 11:00 AM",401,212,189,90,39,51,73,34,39,,,,154,63,91,,,,42,28,14,,,
"Jul 30, 2023 12:00 PM",357,179,178,55,24,31,48,22,26,,,,126,66,60,,,,46,14,32,,,
"Jul 30, 2023 1:00 PM",351,193,158,60,26,34,48,26,22,,,,171,68,103,,,,49,28,21,,,
"Jul 30, 2023 2:00 PM",243,140,103,48,19,29,37,23,14,,,,106,51,55,,,,37,15,22,,,
"Jul 30, 2023 3:00 PM",175,91,84,29,12,17,27,8,19,,,,171,93,78,,,,21,11,10,,,
"Jul 30, 2023 4:00 PM",162,85,77,21,10,11,35,22,13,,,,66,30,36,,,,19,10,9,,,
"Jul 30, 2023 5:00 PM",84,31,53,20,11,9,21,10,11,,,,110,49,61,,,,14,6,8,,,
"Jul 30, 2023 6:00 PM",57,19,38,6,3,3,13,4,9,,,,70,35,35,,,,22,11,11,,,
"Jul 30, 2023 7:00 PM",110,66,44,35,23,12,33,16,17,,,,101,57,44,,,,25,13,12,,,
"Jul 30, 2023 8:00 PM",192,112,80,46,27,19,30,12,18,,,,145,83,62,,,,40,24,16,,,
"Jul 30, 2023 9:00 PM",112,59,53,44,6,38,40,23,17,,,,47,18,29,,,,34,16,18,,,
"Jul 30, 2023 10:00 PM",55,36,19,19,7,12,11,3,8,,,,22,12,10,,,,9,6,3,,,
"Jul 30, 2023 11:00 PM",10,6,4,3,1,2,4,2,2,,,,107,36,71,,,,14,7,7,,,
"Jul 31, 2023 12:00 AM",0,0,0,0,0,0,1,0,1,,,,159,90,69,,,,5,2,3,,,
"Jul 31, 2023 1:00 AM",0,0,0,1,0,1,0,0,0,,,,11,11,0,,,,3,2,1,,,
"Jul 31, 2023 2:00 AM",0,0,0,0,0,0,0,0,0,,,,0,0,0,,,,3,1,2,,,
"Jul 31, 2023 3:00 AM",0,0,0,0,0,0,0,0,0,,,,4,3,1,,,,0,0,0,,,
"Jul 31, 2023 4:00 AM",1,1,0,1,1,0,0,0,0,,,,2,1,1,,,,2,1,1,,,
"Jul 31, 2023 5:00 AM",10,4,6,1,0,1,0,0,0,,,,8,5,3,,,,2,1,1,,,
"Jul 31, 2023 6:00 AM",31,16,15,10,3,7,14,8,6,,,,81,53,28,,,,10,3,7,,,
"Jul 31, 2023 7:00 AM",58,36,22,18,9,9,21,11,10,,,,148,82,66,,,,28,16,12,,,
"Jul 31, 2023 8:00 AM",88,40,48,37,17,20,30,14,16,,,,212,95,117,,,,42,20,22,,,
"Jul 31, 2023 9:00 AM",81,44,37,26,17,9,10,5,5,,,,81,52,29,,,,28,9,19,,,
"Jul 31, 2023 10:00 AM",64,37,27,18,6,12,11,2,9,,,,140,76,64,,,,23,12,11,,,
"Jul 31, 2023 11:00 AM",92,53,39,22,10,12,23,13,10,,,,135,77,58,,,,28,13,15,,,
"Jul 31, 2023 12:00 PM",112,57,55,21,12,9,21,11,10,,,,71,44,27,,,,36,17,19,,,
"Jul 31, 2023 1:00 PM",148,74,74,18,8,10,36,19,17,,,,177,86,91,,,,35,17,18,,,
"Jul 31, 2023 2:00 PM",142,82,60,22,6,16,12,6,6,,,,85,48,37,,,,42,21,21,,,
"Jul 31, 2023 3:00 PM",190,109,81,36,21,15,42,30,12,,,,104,58,46,,,,48,19,29,,,
"Jul 31, 2023 4:00 PM",162,91,71,30,14,16,56,25,31,,,,80,39,41,,,,49,20,29,,,
"Jul 31, 2023 5:00 PM",87,48,39,40,22,18,35,20,15,,,,127,51,76,,,,45,27,18,,,
"Jul 31, 2023 6:00 PM",126,78,48,42,22,20,41,26,15,,,,241,112,129,,,,53,21,32,,,
"Jul 31, 2023 7:00 PM",172,102,70,32,16,16,46,16,30,,,,163,119,44,,,,37,19,18,,,
"Jul 31, 2023 8:00 PM",192,100,92,60,30,30,40,15,25,,,,101,45,56,,,,40,16,24,,,
"Jul 31, 2023 9:00 PM",134,75,59,37,18,19,23,8,15,,,,109,36,73,,,,19,7,12,,,
"Jul 31, 2023 10:00 PM",51,28,23,20,5,15,16,10,6,,,,39,7,32,,,,23,14,9,,,
"Jul 31, 2023 11:00 PM",14,6,8,6,0,6,3,0,3,,,,5,3,2,,,,5,2,3,,,
"Aug 1, 2023 12:00 AM",0,0,0,0,0,0,0,0,0,,,,25,16,9,,,,7,5,2,,,
"Aug 1, 2023 1:00 AM",0,0,0,2,0,2,0,0,0,,,,33,25,8,,,,0,0,0,,,
"Aug 1, 2023 2:00 AM",0,0,0,0,0,0,0,0,0,,,,0,0,0,,,,1,0,1,,,
"Aug 1, 2023 3:00 AM",0,0,0,0,0,0,1,0,1,,,,0,0,0,,,,0,0,0,,,
"Aug 1, 2023 4:00 AM",1,0,1,1,1,0,0,0,0,,,,1,1,0,,,,2,2,0,,,
"Aug 1, 2023 5:00 AM",4,2,2,1,0,1,2,2,0,,,,6,3,3,,,,3,2,1,,,
"Aug 1, 2023 6:00 AM",53,24,29,14,4,10,12,9,3,,,,54,29,25,,,,11,5,6,,,
"Aug 1, 2023 7:00 AM",82,49,33,24,9,15,17,9,8,,,,91,56,35,,,,28,15,13,,,
"Aug 1, 2023 8:00 AM",88,42,46,40,24,16,27,11,16,,,,137,67,70,,,,43,21,22,,,
"Aug 1, 2023 9:00 AM",106,48,58,39,17,22,32,20,12,,,,127,56,71,,,,62,32,30,,,
"Aug 1, 2023 10:00 AM",177,100,77,49,27,22,32,17,15,,,,164,96,68,,,,62,39,23,,,
"Aug 1, 2023 11:00 AM",235,144,91,38,19,19,36,15,21,,,,201,86,115,,,,50,25,25,,,
"Aug 1, 2023 12:00 PM",259,149,110,41,21,20,29,16,13,,,,268,120,148,,,,46,19,27,,,
"Aug 1, 2023 1:00 PM",309,152,157,52,24,28,59,33,26,,,,162,96,66,,,,51,25,26,,,
"Aug 1, 2023 2:00 PM",299,156,143,36,8,28,41,23,18,,,,615,298,317,,,,29,14,15,,,
"Aug 1, 2023 3:00 PM",220,109,111,44,26,18,25,9,16,,,,281,120,161,,,,39,22,17,,,
"Aug 1, 2023 4:00 PM",233,109,124,22,10,12,42,23,19,,,,196,110,86,,,,88,48,40,,,
"Aug 1, 2023 5:00 PM",174,100,74,48,26,22,52,23,29,,,,353,145,208,,,,90,51,39,,,
"Aug 1, 2023 6:00 PM",172,92,80,41,30,11,49,30,19,,,,184,98,86,,,,86,52,34,,,
"Aug 1, 2023 7:00 PM",199,108,91,50,22,28,52,33,19,,,,469,176,293,,,,62,36,26,,,
"Aug 1, 2023 8:00 PM",211,131,80,57,29,28,52,20,32,,,,97,37,60,,,,67,24,43,,,
"Aug 1, 2023 9:00 PM",142,71,71,30,12,18,22,11,11,,,,61,33,28,,,,30,13,17,,,
"Aug 1, 2023 10:00 PM",35,22,13,12,6,6,15,8,7,,,,273,121,152,,,,12,7,5,,,
"Aug 1, 2023 11:00 PM",0,0,0,1,0,1,4,1,3,,,,1,0,1,,,,3,2,1,,,
"Aug 2, 2023 12:00 AM",0,0,0,0,0,0,2,0,2,,,,8,8,0,,,,9,7,2,,,
"Aug 2, 2023 1:00 AM",0,0,0,0,0,0,0,0,0,,,,0,0,0,,,,8,4,4,,,
"Aug 2, 2023 2:00 AM",0,0,0,0,0,0,0,0,0,,,,0,0,0,,,,0,0,0,,,
"Aug 2, 2023 3:00 AM",0,0,0,0,0,0,0,0,0,,,,0,0,0,,,,0,0,0,,,
"Aug 2, 2023 4:00 AM",0,0,0,1,1,0,0,0,0,,,,0,0,0,,,,2,2,0,,,
"Aug 2, 2023 5:00 AM",5,2,3,1,0,1,0,0,0,,,,3,2,1,,,,3,2,1,,,
"Aug 2, 2023 6:00 AM",26,14,12,9,5,4,16,10,6,,,,29,12,17,,,,5,1,4,,,
"Aug 2, 2023 7:00 AM",60,25,35,22,4,18,17,4,13,,,,49,27,22,,,,20,9,11,,,
"Aug 2, 2023 8:00 AM",79,43,36,25,8,17,28,11,17,,,,85,38,47,,,,42,17,25,,,
"Aug 2, 2023 9:00 AM",62,34,28,16,9,7,14,8,6,,,,36,19,17,,,,16,2,14,,,
"Aug 2, 2023 10:00 AM",55,40,15,9,5,4,11,4,7,,,,72,37,35,,,,26,13,13,,,
"Aug 2, 2023 11:00 AM",61,33,28,5,3,2,2,0,2,,,,34,15,19,,,,9,4,5,,,
"Aug 2, 2023 12:00 PM",69,41,28,14,9,5,21,11,10,,,,67,39,28,,,,27,17,10,,,
"Aug 2, 2023 1:00 PM",108,62,46,14,3,11,17,6,11,,,,41,21,20,,,,31,10,21,,,
"Aug 2, 2023 2:00 PM",44,21,23,12,3,9,13,5,8,,,,29,14,15,,,,26,12,14,,,
"Aug 2, 2023 3:00 PM",31,17,14,8,5,3,12,4,8,,,,20,14,6,,,,16,6,10,,,
"Aug 2, 2023 4:00 PM",42,16,26,10,7,3,12,6,6,,,,164,65,99,,,,32,17,15,,,
"Aug 2, 2023 5:00 PM",83,41,42,22,17,5,35,23,12,,,,305,109,196,,,,57,30,27,,,
"Aug 2, 2023 6:00 PM",108,62,46,37,24,13,30,22,8,,,,148,67,81,,,,57,31,26,,,
"Aug 2, 2023 7:00 PM",130,73,57,26,17,9,34,19,15,,,,129,49,80,,,,58,31,27,,,
"Aug 2, 2023 8:00 PM",178,97,81,36,13,23,27,13,14,,,,112,48,64,,,,50,22,28,,,
"Aug 2, 2023 9:00 PM",89,54,35,18,8,10,41,21,20,,,,35,14,21,,,,30,12,18,,,
"Aug 2, 2023 10:00 PM",43,24,19,5,1,4,12,6,6,,,,21,5,16,,,,20,6,14,,,
"Aug 2, 2023 11:00 PM",12,7,5,3,1,2,4,1,3,,,,264,84,180,,,,4,2,2,,,
"Aug 3, 2023 12:00 AM",1,0,1,0,0,0,0,0,0,,,,22,7,15,,,,5,4,1,,,
"Aug 3, 2023 1:00 AM",0,0,0,0,0,0,0,0,0,,,,0,0,0,,,,8,5,3,,,
"Aug 3, 2023 2:00 AM",0,0,0,0,0,0,0,0,0,,,,0,0,0,,,,0,0,0,,,
"Aug 3, 2023 3:00 AM",0,0,0,0,0,0,0,0,0,,,,1,1,0,,,,2,2,0,,,
"Aug 3, 2023 4:00 AM",0,0,0,1,1,0,0,0,0,,,,2,2,0,,,,3,1,2,,,
"Aug 3, 2023 5:00 AM",7,1,6,2,1,1,0,0,0,,,,6,4,2,,,,2,1,1,,,
"Aug 3, 2023 6:00 AM",38,22,16,11,4,7,10,9,1,,,,38,22,16,,,,14,7,7,,,
"Aug 3, 2023 7:00 AM",102,48,54,25,11,14,25,13,12,,,,84,41,43,,,,28,16,12,,,
"Aug 3, 2023 8:00 AM",93,51,42,29,16,13,36,19,17,,,,125,62,63,,,,57,23,34,,,
"Aug 3, 2023 9:00 AM",118,60,58,33,15,18,21,8,13,,,,119,57,62,,,,38,18,20,,,
"Aug 3, 2023 10:00 AM",143,78,65,48,28,20,28,13,15,,,,116,59,57,,,,36,16,20,,,
"Aug 3, 2023 11:00 AM",210,123,87,33,17,16,15,9,6,,,,128,62,66,,,,36,17,19,,,
"Aug 3, 2023 12:00 PM",216,127,89,30,14,16,22,11,11,,,,175,92,83,,,,44,22,22,,,
"Aug 3, 2023 1:00 PM",211,129,82,47,23,24,46,23,23,,,,95,51,44,,,,37,17,20,,,
"Aug 3, 2023 2:00 PM",197,97,100,33,20,13,26,14,12,,,,79,47,32,,,,40,18,22,,,
"Aug 3, 2023 3:00 PM",210,119,91,29,13,16,40,17,23,,,,149,93,56,,,,68,32,36,,,
"Aug 3, 2023 4:00 PM",155,82,73,57,31,26,46,25,21,,,,421,162,259,,,,59,30,29,,,
"Aug 3, 2023 5:00 PM",196,113,83,55,32,23,51,32,19,,,,598,239,359,,,,79,41,38,,,
"Aug 3, 2023 6:00 PM",133,81,52,51,25,26,36,17,19,,,,451,191,260,,,,81,44,37,,,
"Aug 3, 2023 7:00 PM",183,106,77,27,12,15,41,21,20,,,,109,57,52,,,,45,17,28,,,
"Aug 3, 2023 8:00 PM",154,84,70,26,14,12,18,8,10,,,,129,75,54,,,,27,11,16,,,
"Aug 3, 2023 9:00 PM",147,88,59,28,8,20,23,5,18,,,,41,17,24,,,,53,25,28,,,
"Aug 3, 2023 10:00 PM",35,14,21,14,4,10,5,2,3,,,,16,9,7,,,,14,6,8,,,
"Aug 3, 2023 11:00 PM",17,11,6,5,1,4,9,4,5,,,,24,2,22,,,,13,7,6,,,
"Aug 4, 2023 12:00 AM",1,1,0,0,0,0,2,0,2,,,,65,23,42,,,,9,5,4,,,
"Aug 4, 2023 1:00 AM",3,3,0,0,0,0,0,0,0,,,,0,0,0,,,,1,0,1,,,
"Aug 4, 2023 2:00 AM",1,1,0,0,0,0,3,2,1,,,,0,0,0,,,,2,2,0,,,
"Aug 4, 2023 3:00 AM",0,0,0,0,0,0,0,0,0,,,,1,1,0,,,,0,0,0,,,
"Aug 4, 2023 4:00 AM",0,0,0,2,2,0,0,0,0,,,,1,1,0,,,,1,1,0,,,
"Aug 4, 2023 5:00 AM",5,3,2,0,0,0,1,1,0,,,,11,5,6,,,,2,1,1,,,
"Aug 4, 2023 6:00 AM",30,14,16,15,4,11,9,4,5,,,,31,17,14,,,,12,3,9,,,
"Aug 4, 2023 7:00 AM",74,43,31,17,10,7,17,12,5,,,,65,36,29,,,,32,15,17,,,
"Aug 4, 2023 8:00 AM",117,62,55,51,24,27,37,18,19,,,,98,53,45,,,,28,12,16,,,
"Aug 4, 2023 9:00 AM",116,60,56,33,14,19,33,20,13,,,,89,39,50,,,,44,13,31,,,
"Aug 4, 2023 10:00 AM",178,118,60,36,21,15,41,21,20,,,,106,65,41,,,,55,28,27,,,
"Aug 4, 2023 11:00 AM",270,161,109,41,18,23,47,25,22,,,,119,76,43,,,,57,22,35,,,
"Aug 4, 2023 12:00 PM",298,152,146,54,27,27,55,36,19,,,,102,50,52,,,,45,22,23,,,
"Aug 4, 2023 1:00 PM",267,144,123,48,25,23,49,26,23,,,,140,75,65,,,,37,19,18,,,
"Aug 4, 2023 2:00 PM",265,141,124,28,20,8,33,12,21,,,,103,53,50,,,,58,34,24,,,
"Aug 4, 2023 3:00 PM",274,161,113,50,29,21,29,13,16,,,,88,52,36,,,,59,26,33,,,
"Aug 4, 2023 4:00 PM",259,132,127,43,24,19,50,31,19,,,,144,67,77,,,,56,28,28,,,
"Aug 4, 2023 5:00 PM",218,105,113,42,19,23,47,20,27,,,,103,44,59,,,,64,24,40,,,
"Aug 4, 2023 6:00 PM",180,89,91,43,24,19,38,23,15,,,,139,46,93,,,,70,32,38,,,
"Aug 4, 2023 7:00 PM",184,95,89,38,23,15,33,17,16,,,,77,35,42,,,,73,37,36,,,
"Aug 4, 2023 8:00 PM",80,45,35,26,14,12,37,17,20,,,,86,37,49,,,,41,13,28,,,
"Aug 4, 2023 9:00 PM",72,42,30,15,5,10,21,15,6,,,,85,27,58,,,,32,11,21,,,
"Aug 4, 2023 10:00 PM",27,13,14,6,1,5,12,5,7,,,,39,13,26,,,,15,5,10,,,
"Aug 4, 2023 11:00 PM",6,4,2,2,0,2,5,2,3,,,,46,25,21,,,,5,3,2,,,
"Aug 5, 2023 12:00 AM",0,0,0,1,0,1,2,0,2,,,,13,7,6,,,,6,3,3,,,
"Aug 5, 2023 1:00 AM",3,1,2,0,0,0,0,0,0,,,,0,0,0,,,,7,3,4,,,
"Aug 5, 2023 2:00 AM",0,0,0,2,2,0,0,0,0,,,,1,1,0,,,,0,0,0,,,
"Aug 5, 2023 3:00 AM",0,0,0,0,0,0,0,0,0,,,,0,0,0,,,,1,1,0,,,
"Aug 5, 2023 4:00 AM",0,0,0,0,0,0,0,0,0,,,,0,0,0,,,,0,0,0,,,
"Aug 5, 2023 5:00 AM",0,0,0,2,2,0,0,0,0,,,,2,2,0,,,,0,0,0,,,
"Aug 5, 2023 6:00 AM",1,0,1,0,0,0,0,0,0,,,,0,0,0,,,,3,0,3,,,
"Aug 5, 2023 7:00 AM",5,3,2,2,1,1,1,1,0,,,,7,5,2,,,,3,2,1,,,
"Aug 5, 2023 8:00 AM",8,5,3,6,2,4,3,0,3,,,,7,4,3,,,,14,5,9,,,
"Aug 5, 2023 9:00 AM",37,20,17,12,4,8,6,5,1,,,,26,14,12,,,,22,8,14,,,
"Aug 5, 2023 10:00 AM",127,82,45,29,13,16,33,18,15,,,,44,27,17,,,,43,24,19,,,
"Aug 5, 2023 11:00 AM",169,100,69,38,21,17,27,16,11,,,,84,48,36,,,,37,20,17,,,
"Aug 5, 2023 12:00 PM",218,118,100,45,30,15,48,32,16,,,,78,40,38,,,,52,23,29,,,
"Aug 5, 2023 1:00 PM",239,145,94,46,20,26,67,42,25,,,,101,48,53,,,,46,20,26,,,
"Aug 5, 2023 2:00 PM",243,141,102,50,19,31,39,18,21,,,,147,55,92,,,,32,13,19,,,
"Aug 5, 2023 3:00 PM",294,172,122,56,32,24,50,26,24,,,,294,126,168,,,,58,38,20,,,
"Aug 5, 2023 4:00 PM",281,162,119,63,27,36,78,39,39,,,,103,57,46,,,,66,29,37,,,
"Aug 5, 2023 5:00 PM",198,93,105,35,16,19,43,18,25,,,,97,58,39,,,,55,24,31,,,
"Aug 5, 2023 6:00 PM",141,93,48,30,14,16,24,16,8,,,,109,61,48,,,,29,13,16,,,
"Aug 5, 2023 7:00 PM",57,27,30,30,19,11,15,9,6,,,,116,54,62,,,,31,12,19,,,
"Aug 5, 2023 8:00 PM",91,57,34,5,4,1,11,8,3,,,,111,61,50,,,,28,17,11,,,
"Aug 5, 2023 9:00 PM",63,23,40,12,6,6,18,10,8,,,,177,76,101,,,,21,7,14,,,
"Aug 5, 2023 10:00 PM",15,7,8,9,6,3,10,3,7,,,,104,74,30,,,,22,12,10,,,
"Aug 5, 2023 11:00 PM",7,5,2,3,2,1,5,3,2,,,,10,7,3,,,,15,5,10,,,
"Aug 6, 2023 12:00 AM",2,0,2,3,1,2,2,0,2,,,,37,32,5,,,,23,13,10,,,
"Aug 6, 2023 1:00 AM",2,2,0,0,0,0,3,1,2,,,,0,0,0,,,,50,29,21,,,
"Aug 6, 2023 2:00 AM",2,2,0,0,0,0,0,0,0,,,,3,1,2,,,,10,9,1,,,
"Aug 6, 2023 3:00 AM",0,0,0,0,0,0,0,0,0,,,,35,18,17,,,,6,3,3,,,
"Aug 6, 2023 4:00 AM",0,0,0,0,0,0,1,0,1,,,,0,0,0,,,,8,2,6,,,
"Aug 6, 2023 5:00 AM",3,2,1,2,0,2,0,0,0,,,,5,4,1,,,,0,0,0,,,
"Aug 6, 2023 6:00 AM",14,7,7,5,4,1,3,2,1,,,,11,4,7,,,,2,1,1,,,
"Aug 6, 2023 7:00 AM",44,19,25,15,10,5,14,11,3,,,,26,14,12,,,,8,4,4,,,
"Aug 6, 2023 8:00 AM",127,78,49,28,19,9,34,18,16,,,,81,50,31,,,,22,9,13,,,
"Aug 6, 2023 9:00 AM",261,150,111,83,46,37,54,30,24,,,,122,74,48,,,,36,11,25,,,
"Aug 6, 2023 10:00 AM",330,188,142,80,47,33,92,44,48,,,,122,75,47,,,,47,20,27,,,
"Aug 6, 2023 11:00 AM",532,320,212,89,59,30,54,30,24,,,,178,89,89,,,,52,18,34,,,
"Aug 6, 2023 12:00 PM",618,306,312,66,39,27,65,40,25,,,,182,98,84,,,,67,34,33,,,
"Aug 6, 2023 1:00 PM",626,360,266,68,43,25,59,36,23,,,,186,73,113,,,,45,23,22,,,
"Aug 6, 2023 2:00 PM",586,321,265,48,25,23,46,26,20,,,,141,82,59,,,,36,15,21,,,
"Aug 6, 2023 3:00 PM",484,283,201,41,20,21,58,41,17,,,,389,104,285,,,,32,17,15,,,
"Aug 6, 2023 4:00 PM",491,290,201,65,30,35,47,20,27,,,,369,128,241,,,,33,18,15,,,
"Aug 6, 2023 5:00 PM",234,98,136,30,17,13,35,21,14,,,,264,121,143,,,,27,9,18,,,
"Aug 6, 2023 6:00 PM",228,117,111,23,12,11,39,18,21,,,,203,96,107,,,,32,15,17,,,
"Aug 6, 2023 7:00 PM",108,50,58,17,9,8,6,4,2,,,,51,24,27,,,,35,21,14,,,
"Aug 6, 2023 8:00 PM",113,56,57,16,7,9,23,10,13,,,,53,25,28,,,,25,12,13,,,
"Aug 6, 2023 9:00 PM",128,67,61,20,9,11,23,8,15,,,,30,9,21,,,,14,5,9,,,
"Aug 6, 2023 10:00 PM",36,20,16,5,1,4,10,5,5,,,,70,26,44,,,,27,11,16,,,
"Aug 6, 2023 11:00 PM",10,4,6,5,1,4,5,1,4,,,,38,8,30,,,,7,5,2,,,
"Aug 7, 2023 12:00 AM",0,0,0,1,1,0,2,0,2,,,,15,8,7,,,,12,4,8,,,
"Aug 7, 2023 1:00 AM",2,2,0,2,1,1,2,2,0,,,,18,4,14,,,,15,12,3,,,
"Aug 7, 2023 2:00 AM",1,0,1,2,0,2,0,0,0,,,,1,0,1,,,,4,4,0,,,
"Aug 7, 2023 3:00 AM",0,0,0,0,0,0,0,0,0,,,,3,3,0,,,,7,4,3,,,
"Aug 7, 2023 4:00 AM",0,0,0,2,1,1,0,0,0,,,,0,0,0,,,,1,1,0,,,
"Aug 7, 2023 5:00 AM",3,2,1,1,0,1,0,0,0,,,,0,0,0,,,,4,2,2,,,
"Aug 7, 2023 6:00 AM",11,4,7,5,1,4,5,2,3,,,,12,4,8,,,,5,5,0,,,
"Aug 7, 2023 7:00 AM",50,28,22,14,6,8,16,10,6,,,,18,9,9,,,,9,3,6,,,
"Aug 7, 2023 8:00 AM",90,54,36,27,20,7,13,7,6,,,,41,29,12,,,,20,10,10,,,
"Aug 7, 2023 9:00 AM",131,63,68,38,15,23,25,10,15,,,,43,26,17,,,,22,8,14,,,
"Aug 7, 2023 10:00 AM",237,137,100,48,32,16,38,20,18,,,,228,170,58,,,,33,18,15,,,
"Aug 7, 2023 11:00 AM",367,199,168,85,39,46,38,23,15,,,,131,70,61,,,,39,22,17,,,
"Aug 7, 2023 12:00 PM",405,211,194,73,38,35,47,24,23,,,,129,64,65,,,,60,20,40,,,
"Aug 7, 2023 1:00 PM",385,233,152,46,22,24,60,25,35,,,,121,69,52,,,,46,18,28,,,
"Aug 7, 2023 2:00 PM",462,276,186,69,48,21,50,24,26,,,,143,82,61,,,,45,23,22,,,
"Aug 7, 2023 3:00 PM",520,287,233,72,33,39,46,15,31,,,,170,83,87,,,,46,18,28,,,
"Aug 7, 2023 4:00 PM",380,200,180,49,19,30,42,14,28,,,,130,62,68,,,,56,27,29,,,
"Aug 7, 2023 5:00 PM",365,194,171,65,38,27,53,19,34,,,,150,79,71,,,,50,28,22,,,
"Aug 7, 2023 6:00 PM",322,188,134,47,32,15,48,26,22,,,,248,96,152,,,,62,32,30,,,
"Aug 7, 2023 7:00 PM",229,125,104,41,21,20,37,17,20,,,,329,180,149,,,,49,26,23,,,
"Aug 7, 2023 8:00 PM",160,84,76,27,9,18,28,9,19,,,,117,67,50,,,,41,18,23,,,
"Aug 7, 2023 9:00 PM",106,50,56,33,18,15,24,13,11,,,,117,79,38,,,,29,13,16,,,
"Aug 7, 2023 10:00 PM",46,29,17,10,4,6,7,4,3,,,,177,127,50,,,,17,5,12,,,
"Aug 7, 2023 11:00 PM",24,14,10,4,4,0,4,2,2,,,,38,16,22,,,,8,6,2,,,
"Aug 8, 2023 12:00 AM",1,0,1,0,0,0,1,0,1,,,,0,0,0,,,,9,5,4,,,
"Aug 8, 2023 1:00 AM",4,1,3,0,0,0,3,0,3,,,,47,42,5,,,,2,2,0,,,
"Aug 8, 2023 2:00 AM",0,0,0,0,0,0,0,0,0,,,,36,21,15,,,,0,0,0,,,
"Aug 8, 2023 3:00 AM",0,0,0,0,0,0,0,0,0,,,,0,0,0,,,,0,0,0,,,
"Aug 8, 2023 4:00 AM",0,0,0,1,1,0,0,0,0,,,,0,0,0,,,,1,1,0,,,
"Aug 8, 2023 5:00 AM",5,1,4,0,0,0,2,1,1,,,,8,4,4,,,,5,2,3,,,
"Aug 8, 2023 6:00 AM",47,17,30,7,5,2,6,2,4,,,,50,28,22,,,,10,6,4,,,
"Aug 8, 2023 7:00 AM",54,30,24,24,10,14,19,10,9,,,,182,101,81,,,,32,19,13,,,
"Aug 8, 2023 8:00 AM",103,58,45,28,11,17,24,12,12,,,,136,83,53,,,,41,14,27,,,
"Aug 8, 2023 9:00 AM",130,69,61,28,13,15,36,22,14,,,,226,117,109,,,,43,18,25,,,
"Aug 8, 2023 10:00 AM",176,98,78,22,10,12,26,13,13,,,,123,70,53,,,,26,10,16,,,
"Aug 8, 2023 11:00 AM",242,139,103,25,10,15,39,17,22,,,,552,219,333,,,,48,25,23,,,
"Aug 8, 2023 12:00 PM",213,118,95,43,31,12,31,11,20,,,,734,320,414,,,,42,14,28,,,
"Aug 8, 2023 1:00 PM",198,96,102,34,15,19,28,14,14,,,,103,44,59,,,,42,20,22,,,
"Aug 8, 2023 2:00 PM",198,101,97,36,19,17,37,21,16,,,,673,303,370,,,,44,25,19,,,
"Aug 8, 2023 3:00 PM",203,109,94,34,19,15,42,28,14,,,,846,326,520,,,,50,23,27,,,
"Aug 8, 2023 4:00 PM",290,158,132,49,38,11,39,25,14,,,,215,86,129,,,,55,33,22,,,
"Aug 8, 2023 5:00 PM",234,132,102,52,29,23,59,38,21,,,,132,72,60,,,,67,30,37,,,
"Aug 8, 2023 6:00 PM",286,162,124,68,41,27,84,36,48,,,,207,91,116,,,,95,51,44,,,
"Aug 8, 2023 7:00 PM",324,168,156,72,36,36,46,22,24,,,,176,79,97,,,,82,44,38,,,
"Aug 8, 2023 8:00 PM",282,158,124,60,22,38,50,36,14,,,,205,107,98,,,,52,26,26,,,
"Aug 8, 2023 9:00 PM",189,110,79,36,20,16,19,8,11,,,,78,39,39,,,,28,5,23,,,
"Aug 8, 2023 10:00 PM",46,30,16,12,5,7,17,8,9,,,,132,61,71,,,,13,8,5,,,
"Aug 8, 2023 11:00 PM",9,7,2,0,0,0,4,0,4,,,,67,43,24,,,,9,1,8,,,
"Aug 9, 2023 12:00 AM",0,0,0,1,1,0,4,3,1,,,,62,16,46,,,,7,4,3,,,
"Aug 9, 2023 1:00 AM",3,1,2,0,0,0,0,0,0,,,,7,2,5,,,,4,2,2,,,
"Aug 9, 2023 2:00 AM",0,0,0,2,2,0,1,1,0,,,,0,0,0,,,,0,0,0,,,
"Aug 9, 2023 3:00 AM",0,0,0,0,0,0,0,0,0,,,,1,0,1,,,,0,0,0,,,
"Aug 9, 2023 4:00 AM",2,2,0,1,1,0,0,0,0,,,,2,0,2,,,,2,2,0,,,
"Aug 9, 2023 5:00 AM",14,5,9,3,2,1,3,2,1,,,,37,19,18,,,,3,2,1,,,
"Aug 9, 2023 6:00 AM",49,26,23,8,5,3,10,6,4,,,,42,28,14,,,,14,7,7,,,
"Aug 9, 2023 7:00 AM",59,36,23,19,11,8,13,8,5,,,,94,49,45,,,,27,14,13,,,
"Aug 9, 2023 8:00 AM",110,52,58,35,13,22,26,17,9,,,,181,91,90,,,,40,14,26,,,
"Aug 9, 2023 9:00 AM",114,65,49,28,19,9,19,9,10,,,,135,79,56,,,,35,15,20,,,
"Aug 9, 2023 10:00 AM",142,76,66,32,19,13,35,19,16,,,,205,107,98,,,,39,15,24,,,
"Aug 9, 2023 11:00 AM",220,132,88,38,18,20,23,15,8,,,,155,80,75,,,,55,31,24,,,
"Aug 9, 2023 12:00 PM",252,158,94,41,27,14,45,20,25,,,,390,143,247,,,,53,22,31,,,
"Aug 9, 2023 1:00 PM",255,144,111,41,24,17,43,19,24,,,,397,143,254,,,,40,19,21,,,
"Aug 9, 2023 2:00 PM",270,141,129,35,17,18,35,22,13,,,,370,136,234,,,,53,22,31,,,
"Aug 9, 2023 3:00 PM",304,151,153,42,20,22,35,12,23,,,,148,66,82,,,,55,28,27,,,
"Aug 9, 2023 4:00 PM",269,133,136,63,35,28,40,23,17,,,,368,144,224,,,,57,28,29,,,
"Aug 9, 2023 5:00 PM",243,121,122,56,41,15,58,34,24,,,,562,179,383,,,,66,40,26,,,
"Aug 9, 2023 6:00 PM",244,120,124,55,38,17,47,19,28,,,,606,241,365,,,,85,38,47,,,
"Aug 9, 2023 7:00 PM",215,127,88,92,46,46,66,30,36,,,,162,72,90,,,,61,23,38,,,
"Aug 9, 2023 8:00 PM",279,172,107,60,30,30,41,21,20,,,,114,42,72,,,,61,28,33,,,
"Aug 9, 2023 9:00 PM",190,86,104,33,15,18,39,18,21,,,,88,43,45,,,,30,12,18,,,
"Aug 9, 2023 10:00 PM",54,31,23,8,4,4,9,3,6,,,,10,3,7,,,,13,5,8,,,
"Aug 9, 2023 11:00 PM",23,18,5,12,3,9,3,1,2,,,,76,59,17,,,,22,13,9,,,
"Aug 10, 2023 12:00 AM",0,0,0,0,0,0,6,1,5,,,,37,11,26,,,,1,1,0,,,
"Aug 10, 2023 1:00 AM",0,0,0,2,2,0,3,1,2,,,,2,2,0,,,,6,4,2,,,
"Aug 10, 2023 2:00 AM",0,0,0,0,0,0,0,0,0,,,,0,0,0,,,,0,0,0,,,
"Aug 10, 2023 3:00 AM",0,0,0,0,0,0,0,0,0,,,,0,0,0,,,,3,0,3,,,
"Aug 10, 2023 4:00 AM",1,1,0,0,0,0,0,0,0,,,,2,1,1,,,,1,1,0,,,
"Aug 10, 2023 5:00 AM",4,0,4,4,3,1,0,0,0,,,,13,7,6,,,,3,2,1,,,
"Aug 10, 2023 6:00 AM",33,15,18,10,5,5,6,3,3,,,,40,24,16,,,,10,4,6,,,
"Aug 10, 2023 7:00 AM",69,40,29,19,7,12,22,11,11,,,,124,47,77,,,,21,7,14,,,
"Aug 10, 2023 8:00 AM",105,57,48,34,15,19,32,13,19,,,,90,48,42,,,,42,20,22,,,
"Aug 10, 2023 9:00 AM",97,46,51,22,13,9,38,20,18,,,,58,33,25,,,,36,18,18,,,
"Aug 10, 2023 10:00 AM",182,89,93,31,19,12,19,8,11,,,,94,50,44,,,,31,14,17,,,
"Aug 10, 2023 11:00 AM",200,113,87,29,15,14,28,17,11,,,,85,49,36,,,,31,15,16,,,
"Aug 10, 2023 12:00 PM",235,136,99,48,17,31,42,15,27,,,,94,47,47,,,,38,21,17,,,
"Aug 10, 2023 1:00 PM",284,153,131,84,59,25,43,27,16,,,,122,71,51,,,,42,19,23,,,
"Aug 10, 2023 2:00 PM",314,180,134,52,22,30,38,16,22,,,,100,49,51,,,,56,24,32,,,
"Aug 10, 2023 3:00 PM",318,171,147,40,18,22,35,20,15,,,,165,82,83,,,,80,45,35,,,
"Aug 10, 2023 4:00 PM",300,156,144,43,31,12,51,36,15,,,,456,167,289,,,,64,30,34,,,
"Aug 10, 2023 5:00 PM",207,99,108,66,45,21,62,41,21,,,,366,136,230,,,,53,25,28,,,
"Aug 10, 2023 6:00 PM",203,105,98,57,34,23,40,23,17,,,,169,84,85,,,,80,45,35,,,
"Aug 10, 2023 7:00 PM",215,121,94,47,26,21,28,12,16,,,,209,82,127,,,,75,42,33,,,
"Aug 10, 2023 8:00 PM",183,108,75,39,27,12,37,18,19,,,,286,108,178,,,,48,19,29,,,
"Aug 10, 2023 9:00 PM",85,42,43,25,12,13,16,3,13,,,,86,19,67,,,,34,12,22,,,
"Aug 10, 2023 10:00 PM",31,19,12,11,8,3,21,16,5,,,,40,13,27,,,,23,11,12,,,
"Aug 10, 2023 11:00 PM",7,5,2,2,1,1,12,6,6,,,,170,43,127,,,,10,5,5,,,
"Aug 11, 2023 12:00 AM",0,0,0,0,0,0,6,0,6,,,,39,11,28,,,,9,7,2,,,
"Aug 11, 2023 1:00 AM",4,2,2,0,0,0,1,0,1,,,,1,1,0,,,,1,1,0,,,
"Aug 11, 2023 2:00 AM",0,0,0,0,0,0,0,0,0,,,,14,0,14,,,,4,1,3,,,
"Aug 11, 2023 3:00 AM",0,0,0,3,3,0,0,0,0,,,,0,0,0,,,,0,0,0,,,
"Aug 11, 2023 4:00 AM",0,0,0,0,0,0,0,0,0,,,,0,0,0,,,,1,1,0,,,
"Aug 11, 2023 5:00 AM",14,7,7,2,0,2,0,0,0,,,,10,5,5,,,,1,1,0,,,
"Aug 11, 2023 6:00 AM",39,18,21,8,4,4,9,5,4,,,,39,23,16,,,,16,11,5,,,
"Aug 11, 2023 7:00 AM",77,44,33,25,12,13,30,13,17,,,,50,24,26,,,,24,8,16,,,
"Aug 11, 2023 8:00 AM",154,82,72,28,14,14,27,13,14,,,,114,47,67,,,,45,24,21,,,
"Aug 11, 2023 9:00 AM",153,88,65,35,14,21,30,18,12,,,,124,74,50,,,,30,14,16,,,
"Aug 11, 2023 10:00 AM",248,154,94,67,37,30,48,22,26,,,,128,75,53,,,,61,41,20,,,
"Aug 11, 2023 11:00 AM",297,166,131,47,22,25,41,25,16,,,,97,40,57,,,,61,30,31,,,
"Aug 11, 2023 12:00 PM",278,174,104,52,31,21,42,24,18,,,,138,65,73,,,,49,25,24,,,
"Aug 11, 2023 1:00 PM",299,172,127,59,36,23,53,28,25,,,,179,73,106,,,,69,39,30,,,
"Aug 11, 2023 2:00 PM",318,151,167,48,23,25,38,16,22,,,,277,131,146,,,,76,39,37,,,
"Aug 11, 2023 3:00 PM",283,155,128,58,21,37,52,23,29,,,,288,166,122,,,,77,40,37,,,
"Aug 11, 2023 4:00 PM",340,182,158,55,34,21,36,12,24,,,,396,176,220,,,,67,37,30,,,
"Aug 11, 2023 5:00 PM",253,122,131,62,36,26,66,43,23,,,,125,50,75,,,,57,32,25,,,
"Aug 11, 2023 6:00 PM",293,136,157,91,56,35,66,32,34,,,,130,51,79,,,,76,41,35,,,
"Aug 11, 2023 7:00 PM",308,160,148,74,44,30,41,21,20,,,,99,52,47,,,,76,34,42,,,
"Aug 11, 2023 8:00 PM",246,136,110,47,21,26,58,30,28,,,,67,28,39,,,,41,24,17,,,
"Aug 11, 2023 9:00 PM",161,79,82,27,8,19,25,4,21,,,,39,27,12,,,,36,17,19,,,
"Aug 11, 2023 10:00 PM",43,19,24,2,1,1,18,4,14,,,,53,17,36,,,,22,8,14,,,
"Aug 11, 2023 11:00 PM",17,9,8,8,6,2,5,2,3,,,,24,9,15,,,,6,2,4,,,
"Aug 12, 2023 12:00 AM",2,2,0,1,0,1,7,1,6,,,,7,4,3,,,,13,8,5,,,
"Aug 12, 2023 1:00 AM",2,0,2,2,0,2,8,0,8,,,,5,1,4,,,,12,7,5,,,
"Aug 12, 2023 2:00 AM",0,0,0,0,0,0,0,0,0,,,,2,0,2,,,,7,1,6,,,
"Aug 12, 2023 3:00 AM",2,2,0,0,0,0,0,0,0,,,,11,5,6,,,,6,3,3,,,
"Aug 12, 2023 4:00 AM",0,0,0,0,0,0,0,0,0,,,,1,0,1,,,,3,2,1,,,
"Aug 12, 2023 5:00 AM",12,10,2,2,2,0,3,3,0,,,,7,4,3,,,,5,5,0,,,
"Aug 12, 2023 6:00 AM",25,11,14,2,1,1,3,3,0,,,,13,7,6,,,,5,0,5,,,
"Aug 12, 2023 7:00 AM",61,31,30,18,8,10,13,8,5,,,,43,25,18,,,,10,7,3,,,
"Aug 12, 2023 8:00 AM",98,47,51,37,20,17,28,10,18,,,,73,50,23,,,,29,15,14,,,
"Aug 12, 2023 9:00 AM",202,104,98,49,34,15,46,24,22,,,,121,57,64,,,,38,15,23,,,
"Aug 12, 2023 10:00 AM",210,125,85,101,49,52,54,28,26,,,,123,75,48,,,,58,35,23,,,
"Aug 12, 2023 11:00 AM",296,190,106,74,50,24,65,50,15,,,,152,78,74,,,,45,20,25,,,
"Aug 12, 2023 12:00 PM",293,156,137,70,36,34,54,27,27,,,,228,123,105,,,,68,27,41,,,
"Aug 12, 2023 1:00 PM",281,138,143,50,33,17,48,31,17,,,,218,101,117,,,,43,20,23,,,
"Aug 12, 2023 2:00 PM",304,180,124,64,35,29,49,26,23,,,,189,91,98,,,,57,27,30,,,
"Aug 12, 2023 3:00 PM",385,210,175,78,50,28,71,36,35,,,,106,46,60,,,,52,26,26,,,
"Aug 12, 2023 4:00 PM",442,250,192,87,46,41,81,45,36,,,,170,80,90,,,,75,46,29,,,
"Aug 12, 2023 5:00 PM",318,169,149,49,23,26,44,18,26,,,,117,45,72,,,,57,26,31,,,
"Aug 12, 2023 6:00 PM",201,95,106,35,20,15,47,20,27,,,,73,25,48,,,,58,26,32,,,
"Aug 12, 2023 7:00 PM",192,101,91,32,15,17,25,10,15,,,,43,17,26,,,,55,31,24,,,
"Aug 12, 2023 8:00 PM",156,75,81,24,14,10,25,13,12,,,,65,24,41,,,,42,10,32,,,
"Aug 12, 2023 9:00 PM",105,55,50,19,10,9,34,23,11,,,,98,29,69,,,,39,22,17,,,
"Aug 12, 2023 10:00 PM",45,18,27,10,7,3,21,5,16,,,,102,54,48,,,,19,9,10,,,
"Aug 12, 2023 11:00 PM",16,7,9,9,3,6,4,4,0,,,,181,66,115,,,,13,7,6,,,
"Aug 13, 2023 12:00 AM",1,1,0,0,0,0,2,0,2,,,,22,6,16,,,,47,30,17,,,
"Aug 13, 2023 1:00 AM",3,0,3,0,0,0,1,1,0,,,,6,2,4,,,,18,5,13,,,
"Aug 13, 2023 2:00 AM",6,4,2,3,2,1,1,1,0,,,,0,0,0,,,,10,8,2,,,
"Aug 13, 2023 3:00 AM",2,2,0,0,0,0,2,0,2,,,,0,0,0,,,,3,2,1,,,
"Aug 13, 2023 4:00 AM",1,1,0,3,0,3,1,0,1,,,,1,1,0,,,,2,1,1,,,
"Aug 13, 2023 5:00 AM",2,0,2,0,0,0,4,2,2,,,,14,8,6,,,,2,2,0,,,
"Aug 13, 2023 6:00 AM",17,8,9,4,1,3,2,0,2,,,,22,10,12,,,,4,1,3,,,
"Aug 13, 2023 7:00 AM",32,18,14,16,7,9,10,7,3,,,,46,24,22,,,,10,4,6,,,
"Aug 13, 2023 8:00 AM",129,71,58,34,21,13,31,14,17,,,,118,52,66,,,,22,10,12,,,
"Aug 13, 2023 9:00 AM",216,116,100,65,43,22,55,37,18,,,,164,79,85,,,,35,19,16,,,
"Aug 13, 2023 10:00 AM",342,199,143,97,53,44,72,53,19,,,,238,124,114,,,,51,26,25,,,
"Aug 13, 2023 11:00 AM",542,304,238,134,62,72,96,58,38,,,,235,127,108,,,,76,45,31,,,
"Aug 13, 2023 12:00 PM",677,390,287,106,56,50,79,47,32,,,,210,122,88,,,,126,86,40,,,
"Aug 13, 2023 1:00 PM",614,332,282,134,66,68,97,53,44,,,,248,124,124,,,,76,49,27,,,
"Aug 13, 2023 2:00 PM",604,321,283,82,45,37,67,35,32,,,,284,118,166,,,,74,40,34,,,
"Aug 13, 2023 3:00 PM",676,348,328,98,61,37,71,38,33,,,,373,135,238,,,,57,29,28,,,
"Aug 13, 2023 4:00 PM",650,341,309,79,34,45,84,54,30,,,,436,166,270,,,,72,48,24,,,
"Aug 13, 2023 5:00 PM",475,240,235,68,21,47,81,30,51,,,,107,52,55,,,,58,33,25,,,
"Aug 13, 2023 6:00 PM",281,150,131,73,35,38,42,15,27,,,,141,45,96,,,,55,31,24,,,
"Aug 13, 2023 7:00 PM",175,81,94,45,19,26,34,17,17,,,,129,71,58,,,,37,20,17,,,
"Aug 13, 2023 8:00 PM",169,85,84,38,16,22,25,9,16,,,,93,36,57,,,,45,27,18,,,
"Aug 13, 2023 9:00 PM",135,66,69,27,14,13,42,26,16,,,,123,57,66,,,,40,20,20,,,
"Aug 13, 2023 10:00 PM",51,35,16,10,1,9,13,8,5,,,,307,95,212,,,,19,13,6,,,
"Aug 13, 2023 11:00 PM",13,10,3,2,2,0,3,0,3,,,,83,35,48,,,,21,5,16,,,
"Aug 14, 2023 12:00 AM",0,0,0,0,0,0,2,0,2,,,,108,45,63,,,,7,4,3,,,
"Aug 14, 2023 1:00 AM",3,0,3,2,0,2,0,0,0,,,,77,34,43,,,,4,2,2,,,
"Aug 14, 2023 2:00 AM",3,1,2,0,0,0,0,0,0,,,,0,0,0,,,,0,0,0,,,
"Aug 14, 2023 3:00 AM",0,0,0,0,0,0,0,0,0,,,,0,0,0,,,,0,0,0,,,
"Aug 14, 2023 4:00 AM",0,0,0,1,1,0,0,0,0,,,,0,0,0,,,,2,2,0,,,
"Aug 14, 2023 5:00 AM",9,2,7,0,0,0,0,0,0,,,,8,5,3,,,,0,0,0,,,
"Aug 14, 2023 6:00 AM",32,14,18,8,4,4,7,7,0,,,,31,16,15,,,,10,3,7,,,
"Aug 14, 2023 7:00 AM",72,40,32,14,7,7,14,9,5,,,,184,82,102,,,,27,15,12,,,
"Aug 14, 2023 8:00 AM",102,55,47,22,10,12,27,12,15,,,,125,60,65,,,,35,15,20,,,
"Aug 14, 2023 9:00 AM",77,37,40,20,13,7,15,10,5,,,,128,63,65,,,,38,16,22,,,
"Aug 14, 2023 10:00 AM",100,55,45,30,20,10,25,18,7,,,,101,57,44,,,,24,12,12,,,
"Aug 14, 2023 11:00 AM",180,108,72,41,18,23,22,16,6,,,,111,52,59,,,,34,15,19,,,
"Aug 14, 2023 12:00 PM",204,104,100,53,35,18,39,23,16,,,,165,78,87,,,,54,29,25,,,
"Aug 14, 2023 1:00 PM",250,128,122,41,22,19,45,20,25,,,,144,56,88,,,,51,25,26,,,
"Aug 14, 2023 2:00 PM",212,116,96,51,34,17,25,8,17,,,,125,76,49,,,,59,21,38,,,
"Aug 14, 2023 3:00 PM",244,133,111,62,31,31,44,28,16,,,,207,82,125,,,,57,26,31,,,
"Aug 14, 2023 4:00 PM",249,124,125,36,22,14,33,14,19,,,,166,83,83,,,,48,23,25,,,
"Aug 14, 2023 5:00 PM",203,115,88,65,38,27,63,32,31,,,,163,83,80,,,,77,44,33,,,
"Aug 14, 2023 6:00 PM",227,112,115,48,31,17,38,18,20,,,,133,64,69,,,,94,48,46,,,
"Aug 14, 2023 7:00 PM",224,134,90,68,47,21,45,19,26,,,,146,79,67,,,,74,41,33,,,
"Aug 14, 2023 8:00 PM",229,125,104,68,28,40,55,33,22,,,,99,53,46,,,,55,14,41,,,
"Aug 14, 2023 9:00 PM",130,83,47,32,12,20,17,10,7,,,,130,54,76,,,,49,22,27,,,
"Aug 14, 2023 10:00 PM",46,23,23,8,3,5,18,6,12,,,,202,87,115,,,,17,10,7,,,
"Aug 14, 2023 11:00 PM",5,3,2,4,2,2,2,0,2,,,,235,112,123,,,,11,5,6,,,
"Aug 15, 2023 12:00 AM",0,0,0,4,1,3,7,2,5,,,,46,21,25,,,,6,4,2,,,
"Aug 15, 2023 1:00 AM",0,0,0,2,0,2,1,0,1,,,,62,32,30,,,,5,1,4,,,
"Aug 15, 2023 2:00 AM",0,0,0,0,0,0,0,0,0,,,,0,0,0,,,,1,0,1,,,
"Aug 15, 2023 3:00 AM",1,1,0,0,0,0,0,0,0,,,,17,4,13,,,,1,1,0,,,
"Aug 15, 2023 4:00 AM",0,0,0,1,1,0,1,0,1,,,,0,0,0,,,,3,3,0,,,
"Aug 15, 2023 5:00 AM",4,2,2,3,0,3,0,0,0,,,,5,2,3,,,,0,0,0,,,
"Aug 15, 2023 6:00 AM",51,20,31,8,7,1,7,4,3,,,,57,32,25,,,,10,5,5,,,
"Aug 15, 2023 7:00 AM",75,49,26,23,8,15,11,5,6,,,,83,39,44,,,,23,14,9,,,
"Aug 15, 2023 8:00 AM",112,55,57,40,18,22,26,12,14,,,,130,72,58,,,,43,21,22,,,
"Aug 15, 2023 9:00 AM",118,65,53,32,21,11,27,15,12,,,,141,66,75,,,,45,21,24,,,
"Aug 15, 2023 10:00 AM",141,60,81,24,10,14,37,22,15,,,,81,51,30,,,,43,24,19,,,
"Aug 15, 2023 11:00 AM",207,102,105,22,10,12,14,9,5,,,,181,81,100,,,,53,21,32,,,
"Aug 15, 2023 12:00 PM",233,123,110,52,26,26,34,17,17,,,,132,57,75,,,,70,38,32,,,
"Aug 15, 2023 1:00 PM",278,138,140,53,24,29,44,24,20,,,,107,54,53,,,,49,24,25,,,
"Aug 15, 2023 2:00 PM",297,168,129,39,23,16,32,18,14,,,,145,101,44,,,,57,15,42,,,
"Aug 15, 2023 3:00 PM",264,145,119,44,21,23,38,24,14,,,,164,85,79,,,,61,30,31,,,
"Aug 15, 2023 4:00 PM",252,127,125,52,30,22,52,27,25,,,,199,85,114,,,,59,33,26,,,
"Aug 15, 2023 5:00 PM",242,116,126,41,25,16,61,35,26,,,,157,78,79,,,,64,33,31,,,
"Aug 15, 2023 6:00 PM",223,104,119,68,42,26,53,28,25,,,,202,103,99,,,,94,50,44,,,
"Aug 15, 2023 7:00 PM",236,133,103,67,44,23,59,38,21,,,,156,68,88,,,,102,47,55,,,
"Aug 15, 2023 8:00 PM",279,159,120,52,26,26,49,14,35,,,,234,95,139,,,,65,30,35,,,
"Aug 15, 2023 9:00 PM",170,97,73,48,21,27,40,17,23,,,,74,27,47,,,,22,13,9,,,
"Aug 15, 2023 10:00 PM",45,29,16,15,5,10,18,10,8,,,,12,3,9,,,,14,6,8,,,
"Aug 15, 2023 11:00 PM",9,8,1,5,4,1,8,3,5,,,,56,19,37,,,,9,4,5,,,
"Aug 16, 2023 12:00 AM",0,0,0,1,0,1,2,1,1,,,,39,25,14,,,,13,8,5,,,
"Aug 16, 2023 1:00 AM",4,3,1,0,0,0,0,0,0,,,,1,0,1,,,,5,5,0,,,
"Aug 16, 2023 2:00 AM",2,2,0,0,0,0,0,0,0,,,,0,0,0,,,,0,0,0,,,
"Aug 16, 2023 3:00 AM",1,0,1,0,0,0,0,0,0,,,,1,1,0,,,,0,0,0,,,
"Aug 16, 2023 4:00 AM",0,0,0,1,1,0,0,0,0,,,,5,3,2,,,,2,2,0,,,
"Aug 16, 2023 5:00 AM",14,9,5,2,2,0,0,0,0,,,,9,6,3,,,,5,4,1,,,
"Aug 16, 2023 6:00 AM",47,24,23,8,2,6,7,6,1,,,,25,12,13,,,,9,2,7,,,
"Aug 16, 2023 7:00 AM",85,48,37,33,21,12,19,11,8,,,,102,55,47,,,,23,12,11,,,
"Aug 16, 2023 8:00 AM",114,61,53,34,15,19,39,16,23,,,,147,58,89,,,,38,17,21,,,
"Aug 16, 2023 9:00 AM",97,48,49,28,12,16,25,12,13,,,,104,49,55,,,,39,17,22,,,
"Aug 16, 2023 10:00 AM",177,106,71,33,20,13,28,13,15,,,,84,41,43,,,,46,24,22,,,
"Aug 16, 2023 11:00 AM",256,155,101,45,21,24,31,25,6,,,,141,72,69,,,,40,15,25,,,
"Aug 16, 2023 12:00 PM",318,162,156,50,23,27,46,24,22,,,,154,76,78,,,,58,27,31,,,
"Aug 16, 2023 1:00 PM",281,143,138,51,22,29,53,30,23,,,,110,68,42,,,,65,34,31,,,
"Aug 16, 2023 2:00 PM",225,116,109,47,22,25,25,9,16,,,,102,54,48,,,,61,26,35,,,
"Aug 16, 2023 3:00 PM",300,160,140,52,21,31,38,20,18,,,,137,70,67,,,,70,36,34,,,
"Aug 16, 2023 4:00 PM",216,106,110,56,27,29,33,19,14,,,,249,117,132,,,,75,32,43,,,
"Aug 16, 2023 5:00 PM",186,84,102,51,18,33,47,25,22,,,,322,128,194,,,,73,39,34,,,
"Aug 16, 2023 6:00 PM",233,131,102,60,39,21,58,32,26,,,,230,104,126,,,,97,59,38,,,
"Aug 16, 2023 7:00 PM",237,144,93,57,25,32,43,23,20,,,,141,73,68,,,,80,31,49,,,
"Aug 16, 2023 8:00 PM",270,157,113,34,22,12,30,15,15,,,,130,46,84,,,,33,16,17,,,
"Aug 16, 2023 9:00 PM",159,84,75,38,14,24,44,17,27,,,,40,20,20,,,,29,12,17,,,
"Aug 16, 2023 10:00 PM",44,24,20,10,4,6,16,8,8,,,,92,33,59,,,,32,14,18,,,
"Aug 16, 2023 11:00 PM",7,1,6,6,1,5,7,4,3,,,,24,7,17,,,,6,4,2,,,
"Aug 17, 2023 12:00 AM",0,0,0,3,2,1,4,0,4,,,,50,33,17,,,,10,7,3,,,
"Aug 17, 2023 1:00 AM",5,2,3,1,0,1,0,0,0,,,,1,1,0,,,,3,3,0,,,
"Aug 17, 2023 2:00 AM",2,2,0,0,0,0,0,0,0,,,,0,0,0,,,,1,0,1,,,
"Aug 17, 2023 3:00 AM",0,0,0,0,0,0,0,0,0,,,,0,0,0,,,,0,0,0,,,
"Aug 17, 2023 4:00 AM",0,0,0,1,1,0,0,0,0,,,,0,0,0,,,,5,4,1,,,
"Aug 17, 2023 5:00 AM",13,3,10,0,0,0,2,1,1,,,,5,4,1,,,,0,0,0,,,
"Aug 17, 2023 6:00 AM",60,30,30,12,4,8,12,8,4,,,,52,29,23,,,,13,5,8,,,
"Aug 17, 2023 7:00 AM",108,55,53,30,15,15,24,7,17,,,,100,49,51,,,,26,15,11,,,
"Aug 17, 2023 8:00 AM",134,70,64,36,13,23,32,14,18,,,,101,45,56,,,,44,22,22,,,
"Aug 17, 2023 9:00 AM",147,77,70,40,22,18,25,13,12,,,,100,62,38,,,,48,19,29,,,
"Aug 17, 2023 10:00 AM",201,126,75,50,28,22,33,20,13,,,,145,50,95,,,,50,28,22,,,
"Aug 17, 2023 11:00 AM",296,169,127,54,28,26,31,14,17,,,,132,69,63,,,,54,27,27,,,
"Aug 17, 2023 12:00 PM",298,156,142,48,33,15,48,26,22,,,,201,106,95,,,,45,32,13,,,
"Aug 17, 2023 1:00 PM",330,188,142,72,36,36,62,31,31,,,,135,80,55,,,,63,31,32,,,
"Aug 17, 2023 2:00 PM",325,174,151,89,59,30,61,18,43,,,,263,148,115,,,,55,31,24,,,
"Aug 17, 2023 3:00 PM",340,190,150,74,42,32,46,25,21,,,,233,84,149,,,,59,37,22,,,
"Aug 17, 2023 4:00 PM",287,123,164,75,30,45,32,19,13,,,,237,87,150,,,,60,32,28,,,
"Aug 17, 2023 5:00 PM",227,104,123,54,20,34,54,28,26,,,,237,80,157,,,,82,41,41,,,
"Aug 17, 2023 6:00 PM",208,115,93,49,32,17,46,24,22,,,,174,82,92,,,,75,38,37,,,
"Aug 17, 2023 7:00 PM",126,63,63,34,15,19,25,15,10,,,,195,78,117,,,,70,39,31,,,
"Aug 17, 2023 8:00 PM",147,83,64,36,18,18,21,7,14,,,,118,48,70,,,,48,19,29,,,
"Aug 17, 2023 9:00 PM",64,37,27,23,12,11,15,5,10,,,,215,81,134,,,,31,11,20,,,
"Aug 17, 2023 10:00 PM",28,12,16,6,4,2,7,1,6,,,,28,6,22,,,,31,11,20,,,
"Aug 17, 2023 11:00 PM",14,8,6,4,3,1,7,4,3,,,,27,8,19,,,,12,5,7,,,
"Aug 18, 2023 12:00 AM",0,0,0,0,0,0,4,1,3,,,,80,49,31,,,,6,6,0,,,
"Aug 18, 2023 1:00 AM",7,6,1,2,2,0,2,1,1,,,,10,3,7,,,,4,2,2,,,
"Aug 18, 2023 2:00 AM",0,0,0,0,0,0,0,0,0,,,,7,1,6,,,,1,0,1,,,
"Aug 18, 2023 3:00 AM",0,0,0,0,0,0,0,0,0,,,,21,4,17,,,,0,0,0,,,
"Aug 18, 2023 4:00 AM",0,0,0,1,1,0,0,0,0,,,,2,2,0,,,,2,2,0,,,
"Aug 18, 2023 5:00 AM",7,2,5,1,1,0,1,1,0,,,,6,4,2,,,,2,1,1,,,
"Aug 18, 2023 6:00 AM",29,14,15,6,3,3,7,5,2,,,,48,20,28,,,,7,2,5,,,
"Aug 18, 2023 7:00 AM",60,37,23,16,7,9,4,1,3,,,,129,69,60,,,,20,10,10,,,
"Aug 18, 2023 8:00 AM",75,47,28,28,12,16,30,15,15,,,,97,33,64,,,,24,10,14,,,
"Aug 18, 2023 9:00 AM",46,21,25,15,5,10,13,6,7,,,,52,24,28,,,,15,7,8,,,
"Aug 18, 2023 10:00 AM",59,39,20,8,4,4,19,6,13,,,,38,11,27,,,,19,5,14,,,
"Aug 18, 2023 11:00 AM",90,62,28,15,3,12,14,7,7,,,,103,27,76,,,,30,17,13,,,
"Aug 18, 2023 12:00 PM",142,79,63,36,20,16,33,14,19,,,,101,48,53,,,,47,27,20,,,
"Aug 18, 2023 1:00 PM",118,65,53,22,12,10,42,28,14,,,,142,56,86,,,,36,17,19,,,
"Aug 18, 2023 2:00 PM",128,66,62,23,17,6,23,12,11,,,,216,78,138,,,,40,23,17,,,
"Aug 18, 2023 3:00 PM",123,60,63,19,11,8,31,11,20,,,,155,49,106,,,,46,29,17,,,
"Aug 18, 2023 4:00 PM",119,59,60,27,10,17,32,20,12,,,,99,43,56,,,,50,20,30,,,
"Aug 18, 2023 5:00 PM",36,19,17,22,8,14,23,12,11,,,,58,15,43,,,,39,16,23,,,
"Aug 18, 2023 6:00 PM",16,6,10,14,7,7,9,6,3,,,,29,12,17,,,,23,12,11,,,
"Aug 18, 2023 7:00 PM",12,8,4,5,2,3,10,1,9,,,,33,24,9,,,,15,10,5,,,
"Aug 18, 2023 8:00 PM",4,3,1,3,2,1,5,1,4,,,,3,2,1,,,,5,1,4,,,
"Aug 18, 2023 9:00 PM",1,0,1,0,0,0,4,1,3,,,,10,6,4,,,,4,1,3,,,
"Aug 18, 2023 10:00 PM",3,0,3,1,0,1,1,0,1,,,,9,4,5,,,,2,0,2,,,
"Aug 18, 2023 11:00 PM",7,1,6,1,0,1,4,4,0,,,,14,4,10,,,,2,2,0,,,
"Aug 19, 2023 12:00 AM",0,0,0,0,0,0,1,0,1,,,,16,7,9,,,,2,2,0,,,
"Aug 19, 2023 1:00 AM",5,4,1,2,0,2,0,0,0,,,,0,0,0,,,,4,2,2,,,
"Aug 19, 2023 2:00 AM",2,0,2,0,0,0,0,0,0,,,,4,3,1,,,,0,0,0,,,
"Aug 19, 2023 3:00 AM",1,1,0,1,0,1,0,0,0,,,,1,0,1,,,,1,1,0,,,
"Aug 19, 2023 4:00 AM",0,0,0,0,0,0,0,0,0,,,,0,0,0,,,,3,2,1,,,
"Aug 19, 2023 5:00 AM",2,2,0,4,3,1,1,1,0,,,,4,3,1,,,,0,0,0,,,
"Aug 19, 2023 6:00 AM",12,2,10,2,2,0,2,1,1,,,,12,8,4,,,,3,0,3,,,
"Aug 19, 2023 7:00 AM",37,21,16,12,7,5,8,4,4,,,,25,11,14,,,,11,4,7,,,
"Aug 19, 2023 8:00 AM",84,53,31,22,14,8,36,15,21,,,,55,37,18,,,,28,13,15,,,
"Aug 19, 2023 9:00 AM",160,94,66,48,27,21,40,18,22,,,,142,71,71,,,,31,15,16,,,
"Aug 19, 2023 10:00 AM",263,152,111,63,31,32,42,24,18,,,,137,61,76,,,,41,23,18,,,
"Aug 19, 2023 11:00 AM",336,189,147,92,58,34,69,48,21,,,,155,99,56,,,,53,30,23,,,
"Aug 19, 2023 12:00 PM",436,215,221,73,41,32,58,33,25,,,,580,267,313,,,,59,22,37,,,
"Aug 19, 2023 1:00 PM",374,215,159,90,47,43,68,38,30,,,,394,147,247,,,,54,29,25,,,
"Aug 19, 2023 2:00 PM",384,219,165,90,42,48,64,28,36,,,,399,152,247,,,,72,32,40,,,
"Aug 19, 2023 3:00 PM",377,189,188,91,40,51,53,29,24,,,,170,78,92,,,,71,34,37,,,
"Aug 19, 2023 4:00 PM",378,197,181,66,27,39,56,30,26,,,,166,86,80,,,,61,39,22,,,
"Aug 19, 2023 5:00 PM",306,149,157,46,15,31,47,23,24,,,,212,113,99,,,,53,24,29,,,
"Aug 19, 2023 6:00 PM",206,115,91,30,23,7,39,24,15,,,,208,126,82,,,,36,22,14,,,
"Aug 19, 2023 7:00 PM",202,114,88,38,19,19,40,25,15,,,,105,57,48,,,,41,18,23,,,
"Aug 19, 2023 8:00 PM",221,108,113,21,7,14,26,11,15,,,,235,119,116,,,,35,16,19,,,
"Aug 19, 2023 9:00 PM",137,71,66,29,11,18,24,7,17,,,,237,80,157,,,,47,19,28,,,
"Aug 19, 2023 10:00 PM",41,17,24,12,5,7,8,5,3,,,,294,77,217,,,,27,10,17,,,
"Aug 19, 2023 11:00 PM",13,8,5,2,1,1,7,5,2,,,,24,16,8,,,,11,9,2,,,
"Aug 20, 2023 12:00 AM",4,2,2,3,0,3,5,1,4,,,,41,21,20,,,,7,3,4,,,
"Aug 20, 2023 1:00 AM",3,3,0,2,0,2,1,1,0,,,,4,1,3,,,,21,14,7,,,
"Aug 20, 2023 2:00 AM",1,0,1,0,0,0,1,0,1,,,,13,4,9,,,,10,8,2,,,
"Aug 20, 2023 3:00 AM",0,0,0,1,0,1,0,0,0,,,,31,17,14,,,,7,3,4,,,
"Aug 20, 2023 4:00 AM",1,1,0,1,1,0,0,0,0,,,,1,1,0,,,,4,3,1,,,
"Aug 20, 2023 5:00 AM",5,2,3,0,0,0,3,1,2,,,,3,0,3,,,,23,11,12,,,
"Aug 20, 2023 6:00 AM",14,8,6,3,1,2,6,2,4,,,,7,7,0,,,,2,1,1,,,
"Aug 20, 2023 7:00 AM",51,25,26,15,8,7,12,7,5,,,,18,13,5,,,,14,4,10,,,
"Aug 20, 2023 8:00 AM",126,68,58,48,28,20,43,23,20,,,,67,40,27,,,,26,12,14,,,
"Aug 20, 2023 9:00 AM",217,118,99,77,45,32,50,20,30,,,,158,89,69,,,,43,21,22,,,
"Aug 20, 2023 10:00 AM",359,209,150,69,33,36,65,34,31,,,,204,105,99,,,,51,27,24,,,
"Aug 20, 2023 11:00 AM",493,297,196,100,60,40,68,42,26,,,,249,128,121,,,,34,17,17,,,
"Aug 20, 2023 12:00 PM",561,328,233,108,67,41,108,58,50,,,,158,75,83,,,,53,24,29,,,
"Aug 20, 2023 1:00 PM",629,365,264,113,61,52,87,42,45,,,,138,79,59,,,,56,29,27,,,
"Aug 20, 2023 2:00 PM",772,441,331,141,95,46,94,60,34,,,,163,106,57,,,,67,29,38,,,
"Aug 20, 2023 3:00 PM",828,482,346,152,82,70,104,61,43,,,,192,91,101,,,,54,23,31,,,
"Aug 20, 2023 4:00 PM",844,468,376,145,83,62,117,55,62,,,,169,81,88,,,,57,29,28,,,
"Aug 20, 2023 5:00 PM",718,375,343,117,61,56,103,55,48,,,,115,54,61,,,,59,26,33,,,
"Aug 20, 2023 6:00 PM",522,276,246,67,24,43,61,32,29,,,,110,52,58,,,,50,25,25,,,
"Aug 20, 2023 7:00 PM",323,151,172,55,27,28,56,21,35,,,,131,60,71,,,,46,25,21,,,
"Aug 20, 2023 8:00 PM",303,172,131,39,17,22,41,19,22,,,,69,33,36,,,,33,19,14,,,
"Aug 20, 2023 9:00 PM",110,56,54,25,10,15,37,15,22,,,,297,83,214,,,,34,20,14,,,
"Aug 20, 2023 10:00 PM",23,10,13,7,3,4,19,12,7,,,,804,221,583,,,,10,4,6,,,
"Aug 20, 2023 11:00 PM",7,4,3,7,1,6,4,0,4,,,,267,104,163,,,,23,15,8,,,
"Aug 21, 2023 12:00 AM",1,1,0,2,1,1,3,0,3,,,,28,11,17,,,,9,8,1,,,
"Aug 21, 2023 1:00 AM",6,2,4,2,1,1,0,0,0,,,,59,28,31,,,,1,0,1,,,
"Aug 21, 2023 2:00 AM",1,1,0,0,0,0,2,2,0,,,,0,0,0,,,,1,1,0,,,
"Aug 21, 2023 3:00 AM",1,1,0,1,1,0,2,2,0,,,,0,0,0,,,,2,0,2,,,
"Aug 21, 2023 4:00 AM",0,0,0,0,0,0,0,0,0,,,,1,1,0,,,,1,1,0,,,
"Aug 21, 2023 5:00 AM",8,3,5,0,0,0,0,0,0,,,,12,4,8,,,,1,0,1,,,
"Aug 21, 2023 6:00 AM",51,29,22,18,10,8,10,9,1,,,,27,18,9,,,,7,7,0,,,
"Aug 21, 2023 7:00 AM",71,37,34,25,6,19,17,8,9,,,,80,41,39,,,,34,19,15,,,
"Aug 21, 2023 8:00 AM",137,73,64,43,14,29,44,23,21,,,,99,44,55,,,,44,25,19,,,
"Aug 21, 2023 9:00 AM",119,62,57,39,28,11,37,18,19,,,,98,61,37,,,,41,20,21,,,
"Aug 21, 2023 10:00 AM",207,122,85,30,10,20,41,22,19,,,,110,66,44,,,,37,23,14,,,
"Aug 21, 2023 11:00 AM",292,171,121,48,24,24,32,12,20,,,,114,56,58,,,,49,23,26,,,
"Aug 21, 2023 12:00 PM",292,160,132,59,31,28,61,36,25,,,,129,70,59,,,,51,26,25,,,
"Aug 21, 2023 1:00 PM",318,167,151,78,39,39,51,25,26,,,,95,49,46,,,,42,22,20,,,
"Aug 21, 2023 2:00 PM",324,182,142,90,68,22,54,29,25,,,,165,87,78,,,,57,25,32,,,
"Aug 21, 2023 3:00 PM",317,175,142,67,34,33,39,17,22,,,,110,60,50,,,,57,31,26,,,
"Aug 21, 2023 4:00 PM",352,200,152,78,35,43,52,29,23,,,,332,137,195,,,,73,41,32,,,
"Aug 21, 2023 5:00 PM",265,131,134,84,42,42,66,40,26,,,,194,95,99,,,,114,64,50,,,
"Aug 21, 2023 6:00 PM",301,143,158,84,33,51,44,21,23,,,,135,76,59,,,,88,44,44,,,
"Aug 21, 2023 7:00 PM",276,151,125,63,34,29,50,31,19,,,,218,128,90,,,,84,46,38,,,
"Aug 21, 2023 8:00 PM",280,161,119,60,32,28,46,26,20,,,,208,69,139,,,,78,42,36,,,
"Aug 21, 2023 9:00 PM",177,84,93,40,11,29,35,17,18,,,,183,40,143,,,,49,23,26,,,
"Aug 21, 2023 10:00 PM",56,28,28,18,6,12,18,8,10,,,,76,28,48,,,,19,4,15,,,
"Aug 21, 2023 11:00 PM",8,6,2,3,0,3,4,4,0,,,,10,3,7,,,,6,4,2,,,
"Aug 22, 2023 12:00 AM",1,0,1,2,0,2,4,1,3,,,,4,1,3,,,,11,7,4,,,
"Aug 22, 2023 1:00 AM",5,2,3,1,0,1,0,0,0,,,,1,0,1,,,,2,1,1,,,
"Aug 22, 2023 2:00 AM",0,0,0,0,0,0,1,1,0,,,,2,0,2,,,,3,2,1,,,
"Aug 22, 2023 3:00 AM",5,3,2,0,0,0,3,2,1,,,,0,0,0,,,,0,0,0,,,
"Aug 22, 2023 4:00 AM",0,0,0,2,0,2,0,0,0,,,,0,0,0,,,,2,2,0,,,
"Aug 22, 2023 5:00 AM",9,2,7,1,1,0,0,0,0,,,,11,7,4,,,,1,0,1,,,
"Aug 22, 2023 6:00 AM",44,22,22,22,13,9,12,8,4,,,,45,32,13,,,,11,6,5,,,
"Aug 22, 2023 7:00 AM",74,42,32,33,12,21,15,6,9,,,,156,68,88,,,,33,19,14,,,
"Aug 22, 2023 8:00 AM",129,73,56,38,16,22,49,16,33,,,,147,62,85,,,,53,32,21,,,
"Aug 22, 2023 9:00 AM",134,71,63,29,15,14,22,7,15,,,,155,75,80,,,,36,18,18,,,
"Aug 22, 2023 10:00 AM",130,78,52,39,18,21,24,14,10,,,,156,76,80,,,,34,20,14,,,
"Aug 22, 2023 11:00 AM",243,146,97,33,13,20,38,22,16,,,,77,32,45,,,,39,17,22,,,
"Aug 22, 2023 12:00 PM",286,168,118,25,12,13,49,19,30,,,,187,82,105,,,,34,16,18,,,
"Aug 22, 2023 1:00 PM",280,138,142,23,10,13,37,21,16,,,,62,25,37,,,,66,34,32,,,
"Aug 22, 2023 2:00 PM",279,137,142,37,23,14,34,19,15,,,,128,65,63,,,,45,17,28,,,
"Aug 22, 2023 3:00 PM",290,177,113,36,24,12,39,16,23,,,,130,79,51,,,,58,27,31,,,
"Aug 22, 2023 4:00 PM",261,130,131,60,30,30,44,24,20,,,,163,71,92,,,,91,41,50,,,
"Aug 22, 2023 5:00 PM",278,140,138,100,60,40,45,27,18,,,,255,124,131,,,,77,40,37,,,
"Aug 22, 2023 6:00 PM",303,155,148,90,49,41,50,25,25,,,,180,88,92,,,,115,53,62,,,
"Aug 22, 2023 7:00 PM",211,110,101,60,33,27,33,19,14,,,,146,68,78,,,,78,36,42,,,
"Aug 22, 2023 8:00 PM",254,140,114,35,17,18,40,20,20,,,,325,110,215,,,,60,20,40,,,
"Aug 22, 2023 9:00 PM",155,80,75,27,10,17,27,11,16,,,,86,28,58,,,,29,9,20,,,
"Aug 22, 2023 10:00 PM",42,27,15,11,6,5,9,4,5,,,,42,22,20,,,,12,6,6,,,
"Aug 22, 2023 11:00 PM",17,11,6,6,3,3,4,2,2,,,,391,140,251,,,,5,3,2,,,
"Aug 23, 2023 12:00 AM",0,0,0,1,1,0,3,1,2,,,,126,55,71,,,,10,6,4,,,
"Aug 23, 2023 1:00 AM",3,2,1,3,1,2,2,2,0,,,,1,1,0,,,,6,4,2,,,
"Aug 23, 2023 2:00 AM",0,0,0,1,0,1,0,0,0,,,,4,4,0,,,,0,0,0,,,
"Aug 23, 2023 3:00 AM",0,0,0,0,0,0,0,0,0,,,,0,0,0,,,,1,0,1,,,
"Aug 23, 2023 4:00 AM",0,0,0,1,1,0,0,0,0,,,,2,0,2,,,,2,2,0,,,
"Aug 23, 2023 5:00 AM",14,8,6,0,0,0,2,1,1,,,,5,1,4,,,,1,0,1,,,
"Aug 23, 2023 6:00 AM",40,24,16,12,7,5,6,3,3,,,,34,19,15,,,,14,9,5,,,
"Aug 23, 2023 7:00 AM",83,42,41,30,12,18,21,10,11,,,,101,46,55,,,,35,21,14,,,
"Aug 23, 2023 8:00 AM",133,74,59,34,19,15,35,19,16,,,,171,62,109,,,,48,27,21,,,
"Aug 23, 2023 9:00 AM",131,76,55,49,29,20,30,9,21,,,,193,97,96,,,,43,18,25,,,
"Aug 23, 2023 10:00 AM",189,103,86,38,19,19,39,22,17,,,,135,68,67,,,,64,21,43,,,
"Aug 23, 2023 11:00 AM",265,159,106,38,27,11,19,12,7,,,,163,83,80,,,,65,32,33,,,
"Aug 23, 2023 12:00 PM",296,163,133,57,25,32,55,35,20,,,,218,96,122,,,,63,42,21,,,
"Aug 23, 2023 1:00 PM",261,130,131,41,21,20,45,29,16,0,0,0,161,64,97,,,,60,37,23,,,
"Aug 23, 2023 2:00 PM",214,114,100,11,7,4,29,19,10,133,86,47,57,30,27,,,,75,33,42,,,
"Aug 23, 2023 3:00 PM",221,119,102,32,19,13,19,15,4,21,8,13,84,34,50,,,,57,26,31,,,
"Aug 23, 2023 4:00 PM",137,51,86,29,13,16,15,11,4,25,14,11,70,40,30,,,,67,33,34,,,
"Aug 23, 2023 5:00 PM",77,39,38,35,23,12,29,14,15,37,18,19,161,55,106,,,,67,37,30,,,
"Aug 23, 2023 6:00 PM",140,73,67,57,26,31,29,11,18,25,7,18,101,65,36,,,,84,46,38,,,
"Aug 23, 2023 7:00 PM",224,131,93,51,26,25,50,30,20,22,9,13,156,97,59,,,,78,44,34,,,
"Aug 23, 2023 8:00 PM",229,123,106,66,32,34,47,18,29,19,14,5,177,76,101,,,,69,24,45,,,
"Aug 23, 2023 9:00 PM",160,85,75,46,17,29,49,30,19,10,4,6,245,78,167,,,,39,17,22,,,
"Aug 23, 2023 10:00 PM",25,15,10,12,1,11,12,6,6,6,3,3,46,9,37,,,,10,5,5,,,
"Aug 23, 2023 11:00 PM",22,10,12,4,2,2,4,2,2,1,1,0,162,39,123,,,,7,5,2,,,
"Aug 24, 2023 12:00 AM",2,2,0,0,0,0,5,2,3,1,1,0,110,36,74,,,,2,1,1,,,
"Aug 24, 2023 1:00 AM",0,0,0,2,0,2,0,0,0,1,0,1,22,5,17,,,,5,5,0,,,
"Aug 24, 2023 2:00 AM",0,0,0,0,0,0,0,0,0,0,0,0,3,2,1,,,,6,3,3,,,
"Aug 24, 2023 3:00 AM",0,0,0,0,0,0,0,0,0,0,0,0,10,1,9,,,,1,1,0,,,
"Aug 24, 2023 4:00 AM",0,0,0,1,1,0,0,0,0,0,0,0,17,7,10,,,,2,2,0,,,
"Aug 24, 2023 5:00 AM",8,1,7,3,2,1,5,2,3,2,1,1,11,7,4,,,,1,1,0,,,
"Aug 24, 2023 6:00 AM",47,25,22,16,13,3,8,6,2,5,3,2,29,14,15,,,,15,10,5,,,
"Aug 24, 2023 7:00 AM",120,61,59,32,12,20,27,16,11,23,11,12,124,62,62,,,,38,18,20,,,
"Aug 24, 2023 8:00 AM",147,76,71,39,14,25,46,20,26,23,13,10,268,116,152,,,,48,23,25,,,
"Aug 24, 2023 9:00 AM",136,72,64,33,18,15,46,24,22,25,13,12,128,78,50,,,,47,23,24,,,
"Aug 24, 2023 10:00 AM",218,123,95,61,24,37,30,13,17,20,11,9,374,162,212,,,,37,18,19,,,
"Aug 24, 2023 11:00 AM",256,161,95,63,21,42,51,25,26,43,30,13,469,187,282,,,,48,19,29,,,
"Aug 24, 2023 12:00 PM",324,179,145,80,37,43,57,33,24,27,15,12,544,189,355,,,,79,39,40,,,
"Aug 24, 2023 1:00 PM",323,183,140,86,36,50,65,39,26,25,14,11,225,113,112,,,,78,34,44,,,
"Aug 24, 2023 2:00 PM",295,169,126,95,26,69,43,18,25,31,16,15,438,171,267,,,,69,21,48,,,
"Aug 24, 2023 3:00 PM",263,140,123,76,37,39,34,20,14,31,9,22,442,175,267,,,,87,38,49,,,
"Aug 24, 2023 4:00 PM",279,147,132,55,27,28,45,24,21,36,13,23,407,138,269,,,,74,39,35,,,
"Aug 24, 2023 5:00 PM",261,139,122,52,34,18,37,23,14,38,15,23,313,108,205,,,,85,36,49,,,
"Aug 24, 2023 6:00 PM",245,124,121,57,33,24,40,21,19,25,14,11,207,89,118,,,,88,56,32,,,
"Aug 24, 2023 7:00 PM",286,157,129,89,42,47,72,46,26,12,5,7,167,78,89,,,,86,39,47,,,
"Aug 24, 2023 8:00 PM",282,131,151,49,17,32,30,15,15,36,19,17,130,35,95,,,,71,29,42,,,
"Aug 24, 2023 9:00 PM",136,80,56,34,18,16,31,16,15,12,8,4,155,27,128,,,,37,17,20,,,
"Aug 24, 2023 10:00 PM",63,31,32,10,4,6,13,4,9,11,7,4,88,22,66,,,,18,9,9,,,
"Aug 24, 2023 11:00 PM",15,7,8,7,0,7,7,2,5,4,3,1,15,4,11,,,,11,7,4,,,
"Aug 25, 2023 12:00 AM",0,0,0,1,0,1,5,2,3,6,2,4,7,5,2,,,,5,4,1,,,
"Aug 25, 2023 1:00 AM",2,2,0,0,0,0,1,0,1,0,0,0,0,0,0,,,,1,0,1,,,
"Aug 25, 2023 2:00 AM",0,0,0,0,0,0,0,0,0,0,0,0,1,0,1,,,,2,1,1,,,
"Aug 25, 2023 3:00 AM",1,1,0,0,0,0,0,0,0,1,0,1,4,4,0,,,,0,0,0,,,
"Aug 25, 2023 4:00 AM",0,0,0,1,1,0,0,0,0,2,2,0,0,0,0,,,,8,4,4,,,
"Aug 25, 2023 5:00 AM",8,1,7,1,1,0,2,1,1,1,0,1,6,5,1,,,,1,1,0,,,
"Aug 25, 2023 6:00 AM",38,20,18,16,10,6,12,8,4,5,2,3,36,20,16,,,,17,7,10,,,
"Aug 25, 2023 7:00 AM",83,43,40,25,14,11,14,7,7,13,6,7,67,36,31,,,,25,11,14,,,
"Aug 25, 2023 8:00 AM",140,72,68,45,21,24,37,14,23,31,17,14,200,81,119,,,,57,26,31,,,
"Aug 25, 2023 9:00 AM",165,85,80,38,21,17,35,17,18,17,12,5,214,83,131,,,,55,32,23,,,
"Aug 25, 2023 10:00 AM",203,124,79,44,24,20,30,18,12,23,16,7,108,66,42,,,,46,17,29,,,
"Aug 25, 2023 11:00 AM",224,135,89,39,23,16,25,12,13,27,15,12,288,115,173,,,,80,31,49,,,
"Aug 25, 2023 12:00 PM",249,131,118,57,24,33,52,24,28,34,23,11,114,57,57,,,,66,32,34,,,
"Aug 25, 2023 1:00 PM",265,146,119,53,33,20,39,27,12,46,17,29,150,86,64,,,,65,25,40,,,
"Aug 25, 2023 2:00 PM",153,74,79,20,14,6,25,17,8,22,10,12,131,71,60,,,,39,16,23,,,
"Aug 25, 2023 3:00 PM",155,85,70,34,16,18,26,16,10,21,11,10,75,45,30,,,,45,25,20,,,
"Aug 25, 2023 4:00 PM",215,109,106,45,34,11,34,13,21,25,9,16,119,62,57,,,,59,24,35,,,
"Aug 25, 2023 5:00 PM",247,125,122,63,34,29,61,35,26,32,11,21,158,84,74,,,,88,39,49,,,
"Aug 25, 2023 6:00 PM",73,53,20,24,14,10,29,20,9,22,12,10,48,21,27,,,,47,19,28,,,
"Aug 25, 2023 7:00 PM",94,58,36,19,10,9,30,19,11,18,5,13,46,26,20,,,,35,15,20,,,
"Aug 25, 2023 8:00 PM",71,40,31,22,13,9,30,26,4,7,5,2,43,27,16,,,,31,12,19,,,
"Aug 25, 2023 9:00 PM",82,51,31,15,8,7,17,12,5,6,2,4,24,15,9,,,,30,14,16,,,
"Aug 25, 2023 10:00 PM",22,11,11,13,3,10,7,2,5,8,3,5,26,16,10,,,,14,5,9,,,
"Aug 25, 2023 11:00 PM",11,3,8,5,2,3,3,0,3,2,2,0,37,16,21,,,,11,8,3,,,
"Aug 26, 2023 12:00 AM",0,0,0,1,1,0,2,1,1,3,2,1,34,14,20,,,,15,13,2,,,
"Aug 26, 2023 1:00 AM",6,6,0,0,0,0,0,0,0,3,2,1,2,2,0,,,,9,7,2,,,
"Aug 26, 2023 2:00 AM",4,3,1,2,2,0,1,1,0,0,0,0,22,3,19,,,,0,0,0,,,
"Aug 26, 2023 3:00 AM",1,1,0,0,0,0,0,0,0,0,0,0,0,0,0,,,,2,2,0,,,
"Aug 26, 2023 4:00 AM",0,0,0,1,1,0,0,0,0,0,0,0,0,0,0,,,,2,2,0,,,
"Aug 26, 2023 5:00 AM",1,0,1,0,0,0,0,0,0,0,0,0,0,0,0,,,,1,0,1,,,
"Aug 26, 2023 6:00 AM",23,4,19,5,4,1,1,1,0,2,1,1,16,12,4,,,,5,4,1,,,
"Aug 26, 2023 7:00 AM",55,31,24,44,24,20,39,25,14,15,6,9,70,42,28,,,,8,3,5,,,
"Aug 26, 2023 8:00 AM",120,65,55,43,16,27,27,13,14,15,7,8,98,41,57,,,,26,16,10,,,
"Aug 26, 2023 9:00 AM",205,121,84,72,48,24,55,37,18,26,16,10,159,108,51,,,,39,16,23,,,
"Aug 26, 2023 10:00 AM",263,139,124,83,44,39,54,33,21,40,20,20,150,103,47,,,,51,25,26,,,
"Aug 26, 2023 11:00 AM",296,148,148,73,37,36,60,30,30,35,13,22,185,95,90,,,,54,23,31,,,
"Aug 26, 2023 12:00 PM",314,197,117,57,37,20,41,30,11,32,11,21,136,68,68,,,,52,26,26,,,
"Aug 26, 2023 1:00 PM",244,143,101,40,20,20,40,18,22,30,8,22,102,44,58,,,,21,9,12,,,
"Aug 26, 2023 2:00 PM",280,164,116,52,25,27,37,20,17,31,18,13,75,35,40,,,,25,8,17,,,
"Aug 26, 2023 3:00 PM",244,120,124,35,19,16,42,28,14,26,11,15,115,63,52,,,,40,14,26,,,
"Aug 26, 2023 4:00 PM",349,154,195,84,31,53,77,25,52,31,18,13,146,72,74,,,,53,27,26,,,
"Aug 26, 2023 5:00 PM",181,94,87,38,17,21,22,10,12,17,4,13,108,44,64,,,,39,16,23,,,
"Aug 26, 2023 6:00 PM",122,59,63,24,7,17,23,16,7,14,9,5,35,20,15,,,,48,32,16,,,
"Aug 26, 2023 7:00 PM",44,20,24,11,3,8,18,7,11,9,0,9,40,21,19,,,,16,5,11,,,
"Aug 26, 2023 8:00 PM",63,34,29,12,5,7,15,4,11,11,6,5,170,45,125,,,,30,13,17,,,
"Aug 26, 2023 9:00 PM",51,25,26,12,5,7,20,15,5,8,7,1,87,25,62,,,,12,4,8,,,
"Aug 26, 2023 10:00 PM",23,14,9,9,2,7,22,12,10,4,2,2,15,6,9,,,,10,8,2,,,
"Aug 26, 2023 11:00 PM",14,4,10,10,6,4,10,3,7,5,3,2,29,9,20,,,,7,4,3,,,
"Aug 27, 2023 12:00 AM",2,2,0,5,2,3,4,1,3,8,5,3,30,8,22,,,,11,7,4,,,
"Aug 27, 2023 1:00 AM",15,11,4,3,1,2,8,4,4,9,5,4,2,1,1,,,,7,6,1,,,
"Aug 27, 2023 2:00 AM",2,1,1,1,0,1,0,0,0,7,7,0,0,0,0,,,,8,5,3,,,
"Aug 27, 2023 3:00 AM",0,0,0,0,0,0,0,0,0,2,2,0,0,0,0,,,,9,8,1,,,
"Aug 27, 2023 4:00 AM",0,0,0,0,0,0,0,0,0,0,0,0,0,0,0,,,,3,0,3,,,
"Aug 27, 2023 5:00 AM",6,3,3,3,3,0,6,2,4,1,0,1,3,2,1,,,,4,1,3,,,
"Aug 27, 2023 6:00 AM",20,4,16,5,4,1,5,3,2,4,1,3,6,4,2,,,,3,3,0,,,
"Aug 27, 2023 7:00 AM",41,29,12,19,12,7,19,9,10,9,4,5,26,14,12,,,,17,6,11,,,
"Aug 27, 2023 8:00 AM",142,82,60,65,42,23,54,35,19,12,6,6,95,49,46,,,,15,7,8,,,
"Aug 27, 2023 9:00 AM",191,100,91,68,28,40,37,20,17,31,15,16,210,95,115,,,,30,19,11,,,
"Aug 27, 2023 10:00 AM",276,147,129,83,48,35,74,37,37,22,13,9,138,80,58,,,,42,27,15,,,
"Aug 27, 2023 11:00 AM",390,251,139,81,52,29,79,51,28,42,23,19,231,107,124,,,,50,24,26,,,
"Aug 27, 2023 12:00 PM",504,292,212,62,37,25,77,50,27,37,23,14,187,93,94,,,,56,23,33,,,
"Aug 27, 2023 1:00 PM",507,265,242,73,32,41,75,42,33,61,26,35,97,61,36,,,,43,17,26,,,
"Aug 27, 2023 2:00 PM",551,275,276,69,41,28,99,53,46,44,22,22,100,56,44,,,,51,21,30,,,
"Aug 27, 2023 3:00 PM",657,368,289,65,25,40,95,60,35,59,32,27,151,94,57,,,,55,27,28,,,
"Aug 27, 2023 4:00 PM",717,331,386,43,18,25,51,31,20,46,21,25,156,60,96,,,,59,23,36,,,
"Aug 27, 2023 5:00 PM",471,231,240,55,21,34,62,26,36,47,24,23,96,42,54,,,,40,21,19,,,
"Aug 27, 2023 6:00 PM",257,107,150,30,21,9,21,6,15,17,9,8,211,84,127,,,,39,24,15,,,
"Aug 27, 2023 7:00 PM",144,75,69,27,18,9,36,15,21,16,7,9,210,88,122,,,,31,11,20,,,
"Aug 27, 2023 8:00 PM",91,54,37,32,14,18,20,13,7,22,13,9,93,38,55,,,,24,11,13,,,
"Aug 27, 2023 9:00 PM",57,27,30,20,11,9,16,7,9,10,5,5,206,34,172,,,,16,8,8,,,
"Aug 27, 2023 10:00 PM",13,3,10,12,4,8,11,4,7,6,3,3,210,61,149,,,,11,4,7,,,
"Aug 27, 2023 11:00 PM",7,5,2,3,1,2,2,0,2,2,0,2,57,17,40,,,,4,4,0,,,
"Aug 28, 2023 12:00 AM",0,0,0,0,0,0,1,1,0,1,0,1,19,5,14,,,,10,5,5,,,
"Aug 28, 2023 1:00 AM",0,0,0,3,2,1,0,0,0,0,0,0,0,0,0,,,,2,1,1,,,
"Aug 28, 2023 2:00 AM",0,0,0,0,0,0,1,1,0,0,0,0,0,0,0,,,,0,0,0,,,
"Aug 28, 2023 3:00 AM",0,0,0,0,0,0,2,0,2,0,0,0,1,1,0,,,,2,1,1,,,
"Aug 28, 2023 4:00 AM",0,0,0,1,1,0,0,0,0,1,1,0,0,0,0,,,,3,3,0,,,
"Aug 28, 2023 5:00 AM",9,3,6,0,0,0,1,0,1,1,1,0,2,1,1,,,,4,3,1,,,
"Aug 28, 2023 6:00 AM",45,20,25,10,4,6,8,4,4,7,5,2,26,18,8,,,,15,7,8,,,
"Aug 28, 2023 7:00 AM",68,39,29,27,14,13,15,9,6,12,5,7,80,40,40,,,,32,16,16,,,
"Aug 28, 2023 8:00 AM",125,69,56,37,19,18,27,11,16,28,16,12,142,70,72,,,,85,60,25,,,
"Aug 28, 2023 9:00 AM",105,59,46,46,26,20,25,15,10,36,17,19,137,69,68,,,,33,18,15,,,
"Aug 28, 2023 10:00 AM",143,73,70,41,19,22,21,11,10,21,9,12,75,41,34,,,,27,9,18,,,
"Aug 28, 2023 11:00 AM",168,99,69,30,20,10,29,17,12,26,12,14,62,30,32,,,,41,24,17,,,
"Aug 28, 2023 12:00 PM",250,157,93,65,38,27,30,19,11,43,23,20,139,88,51,,,,45,17,28,,,
"Aug 28, 2023 1:00 PM",284,154,130,51,25,26,48,30,18,23,11,12,131,69,62,,,,63,28,35,,,
"Aug 28, 2023 2:00 PM",186,94,92,30,12,18,32,19,13,32,15,17,148,65,83,,,,59,34,25,,,
"Aug 28, 2023 3:00 PM",238,128,110,33,14,19,41,25,16,27,7,20,105,49,56,,,,88,17,71,,,
"Aug 28, 2023 4:00 PM",215,116,99,32,20,12,31,21,10,36,14,22,251,107,144,,,,71,34,37,,,
"Aug 28, 2023 5:00 PM",155,76,79,51,31,20,42,26,16,31,13,18,244,93,151,,,,91,29,62,,,
"Aug 28, 2023 6:00 PM",169,81,88,71,37,34,56,22,34,33,16,17,97,55,42,,,,67,39,28,,,
"Aug 28, 2023 7:00 PM",137,79,58,51,27,24,63,26,37,23,13,10,135,70,65,,,,61,28,33,,,
"Aug 28, 2023 8:00 PM",151,87,64,48,26,22,25,11,14,21,11,10,268,130,138,,,,37,20,17,,,
"Aug 28, 2023 9:00 PM",84,55,29,29,8,21,6,3,3,15,9,6,267,71,196,,,,26,15,11,,,
"Aug 28, 2023 10:00 PM",22,9,13,20,14,6,11,5,6,8,2,6,395,83,312,,,,17,11,6,,,
"Aug 28, 2023 11:00 PM",4,2,2,3,1,2,7,3,4,5,3,2,46,23,23,,,,4,2,2,,,
"Aug 29, 2023 12:00 AM",0,0,0,3,0,3,2,0,2,5,1,4,21,20,1,,,,2,2,0,,,
"Aug 29, 2023 1:00 AM",1,1,0,4,1,3,0,0,0,0,0,0,0,0,0,,,,7,5,2,,,
"Aug 29, 2023 2:00 AM",3,3,0,2,0,2,5,2,3,1,0,1,0,0,0,,,,5,2,3,,,
"Aug 29, 2023 3:00 AM",0,0,0,0,0,0,0,0,0,1,0,1,0,0,0,,,,1,0,1,,,
"Aug 29, 2023 4:00 AM",0,0,0,1,1,0,0,0,0,0,0,0,0,0,0,,,,4,3,1,,,
"Aug 29, 2023 5:00 AM",6,1,5,1,1,0,1,1,0,0,0,0,3,2,1,,,,7,4,3,,,
"Aug 29, 2023 6:00 AM",44,21,23,15,6,9,10,4,6,12,7,5,36,22,14,,,,12,4,8,,,
"Aug 29, 2023 7:00 AM",90,42,48,38,21,17,21,7,14,21,5,16,86,47,39,,,,43,27,16,,,
"Aug 29, 2023 8:00 AM",110,62,48,29,13,16,25,15,10,40,10,30,164,79,85,,,,82,60,22,,,
"Aug 29, 2023 9:00 AM",117,58,59,37,17,20,33,17,16,41,22,19,118,75,43,,,,43,20,23,,,
"Aug 29, 2023 10:00 AM",147,74,73,22,7,15,21,12,9,27,16,11,95,45,50,,,,32,14,18,,,
"Aug 29, 2023 11:00 AM",172,88,84,42,22,20,24,11,13,40,19,21,114,54,60,,,,59,23,36,,,
"Aug 29, 2023 12:00 PM",215,123,92,31,19,12,23,14,9,57,36,21,120,67,53,,,,45,22,23,,,
"Aug 29, 2023 1:00 PM",261,146,115,54,28,26,61,31,30,40,17,23,139,68,71,,,,74,33,41,,,
"Aug 29, 2023 2:00 PM",232,108,124,68,46,22,44,25,19,29,15,14,127,61,66,,,,57,29,28,,,
"Aug 29, 2023 3:00 PM",206,112,94,41,25,16,33,18,15,25,14,11,137,67,70,,,,103,28,75,,,
"Aug 29, 2023 4:00 PM",193,98,95,60,28,32,30,14,16,26,13,13,153,65,88,,,,78,36,42,,,
"Aug 29, 2023 5:00 PM",232,109,123,61,38,23,59,30,29,42,16,26,161,96,65,,,,78,27,51,,,
"Aug 29, 2023 6:00 PM",173,92,81,75,52,23,43,29,14,33,19,14,135,77,58,,,,83,44,39,,,
"Aug 29, 2023 7:00 PM",180,92,88,56,31,25,62,30,32,30,18,12,132,84,48,,,,87,39,48,,,
"Aug 29, 2023 8:00 PM",220,120,100,85,28,57,41,27,14,27,8,19,146,59,87,,,,52,21,31,,,
"Aug 29, 2023 9:00 PM",126,74,52,27,7,20,14,4,10,7,4,3,44,20,24,,,,14,5,9,,,
"Aug 29, 2023 10:00 PM",26,11,15,11,4,7,6,1,5,3,1,2,13,8,5,,,,11,6,5,,,
"Aug 29, 2023 11:00 PM",5,3,2,7,2,5,4,0,4,4,2,2,32,12,20,,,,10,4,6,,,
"Aug 30, 2023 12:00 AM",1,1,0,0,0,0,0,0,0,3,2,1,8,3,5,,,,4,3,1,,,
"Aug 30, 2023 1:00 AM",1,0,1,2,1,1,2,1,1,0,0,0,0,0,0,,,,0,0,0,,,
"Aug 30, 2023 2:00 AM",1,1,0,0,0,0,0,0,0,0,0,0,0,0,0,,,,2,1,1,,,
"Aug 30, 2023 3:00 AM",1,1,0,0,0,0,0,0,0,0,0,0,0,0,0,,,,0,0,0,,,
"Aug 30, 2023 4:00 AM",0,0,0,1,1,0,0,0,0,1,1,0,0,0,0,,,,2,2,0,,,
"Aug 30, 2023 5:00 AM",16,12,4,3,0,3,0,0,0,3,1,2,6,4,2,,,,3,1,2,,,
"Aug 30, 2023 6:00 AM",55,26,29,16,9,7,19,12,7,12,7,5,27,19,8,,,,17,6,11,,,
"Aug 30, 2023 7:00 AM",100,50,50,30,11,19,17,9,8,19,11,8,102,62,40,,,,35,18,17,,,
"Aug 30, 2023 8:00 AM",135,77,58,27,6,21,37,19,18,50,25,25,130,65,65,,,,131,92,39,,,
"Aug 30, 2023 9:00 AM",147,74,73,41,25,16,41,17,24,21,14,7,93,52,41,,,,66,26,40,,,
"Aug 30, 2023 10:00 AM",155,85,70,50,23,27,30,19,11,17,12,5,82,47,35,,,,38,19,19,,,
"Aug 30, 2023 11:00 AM",228,135,93,31,12,19,21,14,7,31,18,13,74,40,34,,,,75,34,41,,,
"Aug 30, 2023 12:00 PM",251,148,103,32,20,12,39,20,19,33,14,19,129,69,60,,,,61,27,34,,,
"Aug 30, 2023 1:00 PM",285,154,131,48,26,22,41,20,21,26,16,10,156,81,75,,,,59,21,38,,,
"Aug 30, 2023 2:00 PM",231,125,106,20,10,10,27,16,11,37,15,22,111,71,40,,,,86,34,52,,,
"Aug 30, 2023 3:00 PM",186,94,92,25,15,10,22,11,11,29,17,12,116,53,63,,,,116,30,86,,,
"Aug 30, 2023 4:00 PM",173,90,83,34,18,16,38,20,18,34,8,26,155,75,80,,,,67,27,40,,,
"Aug 30, 2023 5:00 PM",152,65,87,37,22,15,38,23,15,33,15,18,135,79,56,,,,75,38,37,,,
"Aug 30, 2023 6:00 PM",154,84,70,54,31,23,41,19,22,31,16,15,190,101,89,,,,89,53,36,,,
"Aug 30, 2023 7:00 PM",197,105,92,55,32,23,39,27,12,30,15,15,159,73,86,,,,85,32,53,,,
"Aug 30, 2023 8:00 PM",226,125,101,49,21,28,57,26,31,21,13,8,125,55,70,,,,69,22,47,,,
"Aug 30, 2023 9:00 PM",156,87,69,43,15,28,32,10,22,11,5,6,65,30,35,,,,36,16,20,,,
"Aug 30, 2023 10:00 PM",25,15,10,15,3,12,9,6,3,5,2,3,41,17,24,,,,17,8,9,,,
"Aug 30, 2023 11:00 PM",14,7,7,2,0,2,7,1,6,2,2,0,20,13,7,,,,8,3,5,,,
"Aug 31, 2023 12:00 AM",0,0,0,2,0,2,2,0,2,2,1,1,8,2,6,,,,6,3,3,,,
"Aug 31, 2023 1:00 AM",5,3,2,1,0,1,0,0,0,1,0,1,0,0,0,,,,2,2,0,,,
"Aug 31, 2023 2:00 AM",3,2,1,1,1,0,0,0,0,0,0,0,2,0,2,,,,0,0,0,,,
"Aug 31, 2023 3:00 AM",0,0,0,0,0,0,0,0,0,0,0,0,0,0,0,,,,0,0,0,,,
"Aug 31, 2023 4:00 AM",0,0,0,2,2,0,2,2,0,0,0,0,0,0,0,,,,6,5,1,,,
"Aug 31, 2023 5:00 AM",8,2,6,1,0,1,0,0,0,0,0,0,7,5,2,,,,2,1,1,,,
"Aug 31, 2023 6:00 AM",38,18,20,11,5,6,15,10,5,7,5,2,47,29,18,,,,11,5,6,,,
"Aug 31, 2023 7:00 AM",89,40,49,23,11,12,27,10,17,13,6,7,139,71,68,,,,38,16,22,,,
"Aug 31, 2023 8:00 AM",79,49,30,32,12,20,37,19,18,40,13,27,283,100,183,,,,87,65,22,,,
"Aug 31, 2023 9:00 AM",75,39,36,14,7,7,18,8,10,17,12,5,65,27,38,,,,34,20,14,,,
"Aug 31, 2023 10:00 AM",112,49,63,21,7,14,18,6,12,22,16,6,95,62,33,,,,38,20,18,,,
"Aug 31, 2023 11:00 AM",182,107,75,17,12,5,15,11,4,19,9,10,121,58,63,,,,26,15,11,,,
"Aug 31, 2023 12:00 PM",146,82,64,21,9,12,29,15,14,25,13,12,260,127,133,,,,50,28,22,,,
"Aug 31, 2023 1:00 PM",172,92,80,38,22,16,36,15,21,30,16,14,201,97,104,,,,54,25,29,,,
"Aug 31, 2023 2:00 PM",79,39,40,21,13,8,26,14,12,25,16,9,74,46,28,,,,63,18,45,,,
"Aug 31, 2023 3:00 PM",80,41,39,22,12,10,20,13,7,22,17,5,125,73,52,,,,88,18,70,,,
"Aug 31, 2023 4:00 PM",89,48,41,28,18,10,23,11,12,34,17,17,192,107,85,,,,43,22,21,,,
"Aug 31, 2023 5:00 PM",111,56,55,39,19,20,58,26,32,22,10,12,244,82,162,,,,57,32,25,,,
"Aug 31, 2023 6:00 PM",171,97,74,36,21,15,45,21,24,31,14,17,132,77,55,,,,72,40,32,,,
"Aug 31, 2023 7:00 PM",162,87,75,41,18,23,35,16,19,25,15,10,163,82,81,,,,70,33,37,,,
"Aug 31, 2023 8:00 PM",194,104,90,65,25,40,32,14,18,16,8,8,96,34,62,,,,44,18,26,,,
"Aug 31, 2023 9:00 PM",112,55,57,23,11,12,25,13,12,14,9,5,123,53,70,,,,27,10,17,,,
"Aug 31, 2023 10:00 PM",46,28,18,13,5,8,10,4,6,5,3,2,20,8,12,,,,18,9,9,,,
"Aug 31, 2023 11:00 PM",17,13,4,3,2,1,2,0,2,2,2,0,3,2,1,,,,5,1,4,,,
"Sep 1, 2023 12:00 AM",1,0,1,3,1,2,9,1,8,1,0,1,5,3,2,,,,11,11,0,,,
"Sep 1, 2023 1:00 AM",4,4,0,3,2,1,2,2,0,0,0,0,0,0,0,,,,2,2,0,,,
"Sep 1, 2023 2:00 AM",1,1,0,0,0,0,0,0,0,0,0,0,0,0,0,,,,4,2,2,,,
"Sep 1, 2023 3:00 AM",1,1,0,0,0,0,0,0,0,0,0,0,0,0,0,,,,0,0,0,,,
"Sep 1, 2023 4:00 AM",1,1,0,1,1,0,0,0,0,1,1,0,0,0,0,,,,4,3,1,,,
"Sep 1, 2023 5:00 AM",6,1,5,1,0,1,0,0,0,0,0,0,8,5,3,,,,2,1,1,,,
"Sep 1, 2023 6:00 AM",51,23,28,14,7,7,9,4,5,6,5,1,23,16,7,,,,10,3,7,,,
"Sep 1, 2023 7:00 AM",104,62,42,22,9,13,16,6,10,15,5,10,32,17,15,,,,44,18,26,,,
"Sep 1, 2023 8:00 AM",147,71,76,46,19,27,37,16,21,48,26,22,100,58,42,,,,167,122,45,,,
"Sep 1, 2023 9:00 AM",201,91,110,45,28,17,40,22,18,34,27,7,82,45,37,,,,55,27,28,,,
"Sep 1, 2023 10:00 AM",234,130,104,43,19,24,36,22,14,13,8,5,123,66,57,,,,49,21,28,,,
"Sep 1, 2023 11:00 AM",291,150,141,48,19,29,30,10,20,26,13,13,111,53,58,,,,33,11,22,,,
"Sep 1, 2023 12:00 PM",368,208,160,61,37,24,55,35,20,41,22,19,129,64,65,,,,65,37,28,,,
"Sep 1, 2023 1:00 PM",356,171,185,46,24,22,49,27,22,44,21,23,163,86,77,,,,111,45,66,,,
"Sep 1, 2023 2:00 PM",254,124,130,31,14,17,18,14,4,25,15,10,198,117,81,,,,77,39,38,,,
"Sep 1, 2023 3:00 PM",311,142,169,45,24,21,37,19,18,29,14,15,271,148,123,,,,50,27,23,,,
"Sep 1, 2023 4:00 PM",301,157,144,50,31,19,43,19,24,40,16,24,192,83,109,,,,76,42,34,,,
"Sep 1, 2023 5:00 PM",282,133,149,62,37,25,42,26,16,40,27,13,145,72,73,,,,77,41,36,,,
"Sep 1, 2023 6:00 PM",316,158,158,48,34,14,50,26,24,27,15,12,136,78,58,,,,79,39,40,,,
"Sep 1, 2023 7:00 PM",319,154,165,62,31,31,59,31,28,15,10,5,124,63,61,,,,58,34,24,,,
"Sep 1, 2023 8:00 PM",334,168,166,38,11,27,21,14,7,24,15,9,93,55,38,,,,38,18,20,,,
"Sep 1, 2023 9:00 PM",156,77,79,19,10,9,34,15,19,7,6,1,64,22,42,,,,24,9,15,,,
"Sep 1, 2023 10:00 PM",75,45,30,9,2,7,14,5,9,6,5,1,154,46,108,,,,22,11,11,,,
"Sep 1, 2023 11:00 PM",12,4,8,7,5,2,8,6,2,5,2,3,159,44,115,,,,8,7,1,,,
"Sep 2, 2023 12:00 AM",2,2,0,1,0,1,5,2,3,0,0,0,10,1,9,,,,4,3,1,,,
"Sep 2, 2023 1:00 AM",4,3,1,0,0,0,1,0,1,0,0,0,2,1,1,,,,13,12,1,,,
"Sep 2, 2023 2:00 AM",1,0,1,0,0,0,0,0,0,2,0,2,0,0,0,,,,10,4,6,,,
"Sep 2, 2023 3:00 AM",1,0,1,0,0,0,0,0,0,0,0,0,2,2,0,,,,3,1,2,,,
"Sep 2, 2023 4:00 AM",2,2,0,0,0,0,0,0,0,0,0,0,0,0,0,,,,1,1,0,,,
"Sep 2, 2023 5:00 AM",5,4,1,3,2,1,4,2,2,1,0,1,3,2,1,,,,1,1,0,,,
"Sep 2, 2023 6:00 AM",26,8,18,6,1,5,8,3,5,4,1,3,18,8,10,,,,11,6,5,,,
"Sep 2, 2023 7:00 AM",106,52,54,25,14,11,17,8,9,12,5,7,44,25,19,,,,12,3,9,,,
"Sep 2, 2023 8:00 AM",180,82,98,47,27,20,26,17,9,20,12,8,90,52,38,,,,25,15,10,,,
"Sep 2, 2023 9:00 AM",218,117,101,58,30,28,47,23,24,29,15,14,107,66,41,,,,45,19,26,,,
"Sep 2, 2023 10:00 AM",395,212,183,93,43,50,73,42,31,35,22,13,213,121,92,,,,61,26,35,,,
"Sep 2, 2023 11:00 AM",475,267,208,132,81,51,73,45,28,31,16,15,212,116,96,,,,62,34,28,,,
"Sep 2, 2023 12:00 PM",508,257,251,120,73,47,71,40,31,49,23,26,157,79,78,,,,84,41,43,,,
"Sep 2, 2023 1:00 PM",529,267,262,116,49,67,69,26,43,37,19,18,130,71,59,,,,86,60,26,,,
"Sep 2, 2023 2:00 PM",628,327,301,104,55,49,66,34,32,24,12,12,149,88,61,,,,73,38,35,,,
"Sep 2, 2023 3:00 PM",676,332,344,91,39,52,67,36,31,35,20,15,162,74,88,,,,67,52,15,,,
"Sep 2, 2023 4:00 PM",749,379,370,83,45,38,59,32,27,37,23,14,137,83,54,,,,57,35,22,,,
"Sep 2, 2023 5:00 PM",571,266,305,89,45,44,81,40,41,36,18,18,213,84,129,,,,64,35,29,,,
"Sep 2, 2023 6:00 PM",457,239,218,54,30,24,77,31,46,13,10,3,99,40,59,,,,67,33,34,,,
"Sep 2, 2023 7:00 PM",405,223,182,45,27,18,80,28,52,16,9,7,172,85,87,,,,58,32,26,,,
"Sep 2, 2023 8:00 PM",330,140,190,33,17,16,49,20,29,16,5,11,105,43,62,,,,49,14,35,,,
"Sep 2, 2023 9:00 PM",189,98,91,17,7,10,30,22,8,14,13,1,32,18,14,,,,26,10,16,,,
"Sep 2, 2023 10:00 PM",61,28,33,6,1,5,12,5,7,9,0,9,31,10,21,,,,23,15,8,,,
"Sep 2, 2023 11:00 PM",13,9,4,11,2,9,21,15,6,6,6,0,26,7,19,,,,6,6,0,,,
"Sep 3, 2023 12:00 AM",2,2,0,0,0,0,2,0,2,10,5,5,37,11,26,,,,9,6,3,,,
"Sep 3, 2023 1:00 AM",7,5,2,0,0,0,2,0,2,0,0,0,13,4,9,,,,23,17,6,,,
"Sep 3, 2023 2:00 AM",13,10,3,0,0,0,0,0,0,1,0,1,0,0,0,,,,14,6,8,,,
"Sep 3, 2023 3:00 AM",3,1,2,1,1,0,0,0,0,0,0,0,2,1,1,,,,8,2,6,,,
"Sep 3, 2023 4:00 AM",0,0,0,1,1,0,0,0,0,0,0,0,2,0,2,,,,0,0,0,,,
"Sep 3, 2023 5:00 AM",3,2,1,3,1,2,1,0,1,0,0,0,16,7,9,,,,2,2,0,,,
"Sep 3, 2023 6:00 AM",31,10,21,8,7,1,5,2,3,0,0,0,13,6,7,,,,9,4,5,,,
"Sep 3, 2023 7:00 AM",77,40,37,18,12,6,12,7,5,11,5,6,30,19,11,,,,16,4,12,,,
"Sep 3, 2023 8:00 AM",216,108,108,49,19,30,37,16,21,23,14,9,82,52,30,,,,31,19,12,,,
"Sep 3, 2023 9:00 AM",343,177,166,83,49,34,68,41,27,26,13,13,156,80,76,,,,42,19,23,,,
"Sep 3, 2023 10:00 AM",535,306,229,119,70,49,67,36,31,38,23,15,232,153,79,,,,60,32,28,,,
"Sep 3, 2023 11:00 AM",844,475,369,152,81,71,93,64,29,46,26,20,286,166,120,,,,55,27,28,,,
"Sep 3, 2023 12:00 PM",1028,549,479,204,118,86,90,55,35,59,30,29,209,116,93,,,,53,33,20,,,
"Sep 3, 2023 1:00 PM",1014,516,498,183,95,88,112,47,65,76,30,46,254,128,126,,,,69,42,27,,,
"Sep 3, 2023 2:00 PM",1193,664,529,172,99,73,143,77,66,47,22,25,288,154,134,,,,69,37,32,,,
"Sep 3, 2023 3:00 PM",1360,739,621,170,84,86,82,49,33,58,35,23,371,188,183,,,,84,52,32,,,
"Sep 3, 2023 4:00 PM",1324,602,722,133,64,69,105,49,56,42,23,19,202,101,101,,,,64,43,21,,,
"Sep 3, 2023 5:00 PM",1138,490,648,160,67,93,98,44,54,42,20,22,209,95,114,,,,68,38,30,,,
"Sep 3, 2023 6:00 PM",808,353,455,119,56,63,81,38,43,29,11,18,168,72,96,,,,50,31,19,,,
"Sep 3, 2023 7:00 PM",520,217,303,76,28,48,83,38,45,30,15,15,168,65,103,,,,55,29,26,,,
"Sep 3, 2023 8:00 PM",408,169,239,81,30,51,49,21,28,18,11,7,160,73,87,,,,35,12,23,,,
"Sep 3, 2023 9:00 PM",131,66,65,24,8,16,33,19,14,14,3,11,64,29,35,,,,28,11,17,,,
"Sep 3, 2023 10:00 PM",45,28,17,3,1,2,10,9,1,5,2,3,38,16,22,,,,14,9,5,,,
"Sep 3, 2023 11:00 PM",13,4,9,4,2,2,3,0,3,5,4,1,5,2,3,,,,6,4,2,,,
"Sep 4, 2023 12:00 AM",0,0,0,0,0,0,1,0,1,3,0,3,1,1,0,,,,10,7,3,,,
"Sep 4, 2023 1:00 AM",3,1,2,1,0,1,3,0,3,0,0,0,2,2,0,,,,3,1,2,,,
"Sep 4, 2023 2:00 AM",0,0,0,0,0,0,0,0,0,0,0,0,0,0,0,,,,0,0,0,,,
"Sep 4, 2023 3:00 AM",0,0,0,0,0,0,0,0,0,0,0,0,0,0,0,,,,0,0,0,,,
"Sep 4, 2023 4:00 AM",0,0,0,1,1,0,1,0,1,0,0,0,0,0,0,,,,1,1,0,,,
"Sep 4, 2023 5:00 AM",15,7,8,2,0,2,2,2,0,1,1,0,6,3,3,,,,3,0,3,,,
"Sep 4, 2023 6:00 AM",71,36,35,22,14,8,13,8,5,11,8,3,31,21,10,,,,16,10,6,,,
"Sep 4, 2023 7:00 AM",100,51,49,21,8,13,19,7,12,15,7,8,79,43,36,,,,53,23,30,,,
"Sep 4, 2023 8:00 AM",180,83,97,35,21,14,27,11,16,54,28,26,158,81,77,,,,180,126,54,,,
"Sep 4, 2023 9:00 AM",274,128,146,53,35,18,34,17,17,49,33,16,81,36,45,,,,54,23,31,,,
"Sep 4, 2023 10:00 AM",290,149,141,49,24,25,35,20,15,28,19,9,104,65,39,,,,54,25,29,,,
"Sep 4, 2023 11:00 AM",380,188,192,69,35,34,41,17,24,26,11,15,155,78,77,,,,50,23,27,,,
"Sep 4, 2023 12:00 PM",456,252,204,86,44,42,59,32,27,29,13,16,132,83,49,,,,56,31,25,,,
"Sep 4, 2023 1:00 PM",517,279,238,56,25,31,54,28,26,41,16,25,184,92,92,,,,57,30,27,,,
"Sep 4, 2023 2:00 PM",443,213,230,57,23,34,39,23,16,31,16,15,168,88,80,,,,178,136,42,,,
"Sep 4, 2023 3:00 PM",429,239,190,60,35,25,41,19,22,24,17,7,234,112,122,,,,122,71,51,,,
"Sep 4, 2023 4:00 PM",509,279,230,76,36,40,45,24,21,24,13,11,323,137,186,,,,92,49,43,,,
"Sep 4, 2023 5:00 PM",518,264,254,124,74,50,72,35,37,44,17,27,246,91,155,,,,84,46,38,,,
"Sep 4, 2023 6:00 PM",516,259,257,143,78,65,81,47,34,34,14,20,215,102,113,,,,100,58,42,,,
"Sep 4, 2023 7:00 PM",601,273,328,138,67,71,93,38,55,33,20,13,165,98,67,,,,92,51,41,,,
"Sep 4, 2023 8:00 PM",531,242,289,85,42,43,75,37,38,14,8,6,109,34,75,,,,71,33,38,,,
"Sep 4, 2023 9:00 PM",219,114,105,26,16,10,32,9,23,11,7,4,110,22,88,,,,36,16,20,,,
"Sep 4, 2023 10:00 PM",36,18,18,16,6,10,17,7,10,4,2,2,143,30,113,,,,22,14,8,,,
"Sep 4, 2023 11:00 PM",16,8,8,1,1,0,8,3,5,1,1,0,8,2,6,,,,10,6,4,,,
"Sep 5, 2023 12:00 AM",1,1,0,2,0,2,2,1,1,0,0,0,7,4,3,,,,4,2,2,,,
"Sep 5, 2023 1:00 AM",7,4,3,0,0,0,0,0,0,0,0,0,3,3,0,,,,1,1,0,,,
"Sep 5, 2023 2:00 AM",0,0,0,0,0,0,0,0,0,0,0,0,0,0,0,,,,1,1,0,,,
"Sep 5, 2023 3:00 AM",3,0,3,0,0,0,3,2,1,0,0,0,6,6,0,,,,2,0,2,,,
"Sep 5, 2023 4:00 AM",3,2,1,2,2,0,0,0,0,0,0,0,5,5,0,,,,3,2,1,,,
"Sep 5, 2023 5:00 AM",12,4,8,2,1,1,0,0,0,1,0,1,5,3,2,,,,4,2,2,,,
"Sep 5, 2023 6:00 AM",87,48,39,19,12,7,8,6,2,3,2,1,30,19,11,,,,16,7,9,,,
"Sep 5, 2023 7:00 AM",170,85,85,34,11,23,15,10,5,16,6,10,98,48,50,,,,57,23,34,,,
"Sep 5, 2023 8:00 AM",206,99,107,44,17,27,28,12,16,54,22,32,158,72,86,,,,156,113,43,,,
"Sep 5, 2023 9:00 AM",231,107,124,44,28,16,34,15,19,44,24,20,91,38,53,,,,51,20,31,,,
"Sep 5, 2023 10:00 AM",305,180,125,60,25,35,23,17,6,30,22,8,88,57,31,,,,57,26,31,,,
"Sep 5, 2023 11:00 AM",380,218,162,43,20,23,43,21,22,12,7,5,78,39,39,,,,41,21,20,,,
"Sep 5, 2023 12:00 PM",383,207,176,71,42,29,41,21,20,41,17,24,141,76,65,,,,61,26,35,,,
"Sep 5, 2023 1:00 PM",484,244,240,59,40,19,54,23,31,48,28,20,159,93,66,,,,60,28,32,,,
"Sep 5, 2023 2:00 PM",341,173,168,70,40,30,40,23,17,14,7,7,243,153,90,,,,85,36,49,,,
"Sep 5, 2023 3:00 PM",348,164,184,41,19,22,36,14,22,34,15,19,181,86,95,,,,131,57,74,,,
"Sep 5, 2023 4:00 PM",329,174,155,75,52,23,39,25,14,29,11,18,161,86,75,,,,89,48,41,,,
"Sep 5, 2023 5:00 PM",291,166,125,90,64,26,52,33,19,49,26,23,148,79,69,,,,113,65,48,,,
"Sep 5, 2023 6:00 PM",356,167,189,116,70,46,58,29,29,31,19,12,178,96,82,,,,98,57,41,,,
"Sep 5, 2023 7:00 PM",409,192,217,117,59,58,65,31,34,30,13,17,151,88,63,,,,98,48,50,,,
"Sep 5, 2023 8:00 PM",399,200,199,72,36,36,60,29,31,27,11,16,122,48,74,,,,47,18,29,,,
"Sep 5, 2023 9:00 PM",160,78,82,36,13,23,35,16,19,18,9,9,187,39,148,,,,26,12,14,,,
"Sep 5, 2023 10:00 PM",57,28,29,20,11,9,4,0,4,6,4,2,461,92,369,,,,15,6,9,,,
"Sep 5, 2023 11:00 PM",24,11,13,3,1,2,1,0,1,3,3,0,161,31,130,,,,8,4,4,,,
"Sep 6, 2023 12:00 AM",0,0,0,2,0,2,1,0,1,0,0,0,7,3,4,,,,12,8,4,,,
"Sep 6, 2023 1:00 AM",4,2,2,0,0,0,1,0,1,0,0,0,5,4,1,,,,4,3,1,,,
"Sep 6, 2023 2:00 AM",2,2,0,1,0,1,1,1,0,3,2,1,0,0,0,,,,1,0,1,,,
"Sep 6, 2023 3:00 AM",0,0,0,0,0,0,0,0,0,0,0,0,0,0,0,,,,1,1,0,,,
"Sep 6, 2023 4:00 AM",0,0,0,1,1,0,0,0,0,2,2,0,1,1,0,,,,1,1,0,,,
"Sep 6, 2023 5:00 AM",24,17,7,1,1,0,0,0,0,0,0,0,8,4,4,,,,2,1,1,,,
"Sep 6, 2023 6:00 AM",98,46,52,17,10,7,8,6,2,10,2,8,37,23,14,,,,15,6,9,,,
"Sep 6, 2023 7:00 AM",158,80,78,30,14,16,15,8,7,19,10,9,72,39,33,,,,44,23,21,,,
"Sep 6, 2023 8:00 AM",272,130,142,40,17,23,37,16,21,51,18,33,145,69,76,,,,156,114,42,,,
"Sep 6, 2023 9:00 AM",243,118,125,37,23,14,41,13,28,27,19,8,111,53,58,,,,65,23,42,,,
"Sep 6, 2023 10:00 AM",324,175,149,47,23,24,34,22,12,17,8,9,143,80,63,,,,39,25,14,,,
"Sep 6, 2023 11:00 AM",432,263,169,64,36,28,42,22,20,19,9,10,95,53,42,,,,48,25,23,,,
"Sep 6, 2023 12:00 PM",627,301,326,49,33,16,36,18,18,28,11,17,94,52,42,,,,67,29,38,,,
"Sep 6, 2023 1:00 PM",409,217,192,94,55,39,52,30,22,53,37,16,182,105,77,,,,41,26,15,,,
"Sep 6, 2023 2:00 PM",477,256,221,53,31,22,30,17,13,28,14,14,133,60,73,,,,59,31,28,,,
"Sep 6, 2023 3:00 PM",500,259,241,45,20,25,47,18,29,31,11,20,105,42,63,,,,122,68,54,,,
"Sep 6, 2023 4:00 PM",545,302,243,102,65,37,62,37,25,25,15,10,201,97,104,,,,76,47,29,,,
"Sep 6, 2023 5:00 PM",574,279,295,100,56,44,78,47,31,31,14,17,264,119,145,,,,98,64,34,,,
"Sep 6, 2023 6:00 PM",607,295,312,154,112,42,90,47,43,36,20,16,238,119,119,,,,102,47,55,,,
"Sep 6, 2023 7:00 PM",686,286,400,185,111,74,94,47,47,27,19,8,167,88,79,,,,77,42,35,,,
"Sep 6, 2023 8:00 PM",583,299,284,130,66,64,66,38,28,16,6,10,153,50,103,,,,54,21,33,,,
"Sep 6, 2023 9:00 PM",271,124,147,63,23,40,27,11,16,5,3,2,41,17,24,,,,30,17,13,,,
"Sep 6, 2023 10:00 PM",73,49,24,5,1,4,15,5,10,5,2,3,11,5,6,,,,17,8,9,,,
"Sep 6, 2023 11:00 PM",21,6,15,5,4,1,4,1,3,0,0,0,17,13,4,,,,9,3,6,,,
"Sep 7, 2023 12:00 AM",2,0,2,2,1,1,8,3,5,0,0,0,28,7,21,,,,5,4,1,,,
"Sep 7, 2023 1:00 AM",0,0,0,2,1,1,4,2,2,0,0,0,6,4,2,,,,2,2,0,,,
"Sep 7, 2023 2:00 AM",1,1,0,1,1,0,0,0,0,0,0,0,3,2,1,,,,1,0,1,,,
"Sep 7, 2023 3:00 AM",1,0,1,0,0,0,0,0,0,0,0,0,3,1,2,,,,1,1,0,,,
"Sep 7, 2023 4:00 AM",1,1,0,1,0,1,1,0,1,0,0,0,11,2,9,,,,2,2,0,,,
"Sep 7, 2023 5:00 AM",12,5,7,1,1,0,2,1,1,1,1,0,12,6,6,,,,3,1,2,,,
"Sep 7, 2023 6:00 AM",70,38,32,18,8,10,11,8,3,6,3,3,165,68,97,,,,14,6,8,,,
"Sep 7, 2023 7:00 AM",159,86,73,31,11,20,17,8,9,20,7,13,326,126,200,,,,49,23,26,,,
"Sep 7, 2023 8:00 AM",209,104,105,44,18,26,41,19,22,54,20,34,403,167,236,,,,160,123,37,,,
"Sep 7, 2023 9:00 AM",213,98,115,55,34,21,26,12,14,46,28,18,333,144,189,,,,65,26,39,,,
"Sep 7, 2023 10:00 AM",221,120,101,53,34,19,40,22,18,19,13,6,225,93,132,,,,23,10,13,,,
"Sep 7, 2023 11:00 AM",413,234,179,43,19,24,20,10,10,21,9,12,304,134,170,,,,51,16,35,,,
"Sep 7, 2023 12:00 PM",369,194,175,67,43,24,40,26,14,34,19,15,261,104,157,,,,56,34,22,,,
"Sep 7, 2023 1:00 PM",398,215,183,62,41,21,40,17,23,23,13,10,388,141,247,,,,52,20,32,,,
"Sep 7, 2023 2:00 PM",421,250,171,36,17,19,34,26,8,31,24,7,303,124,179,,,,73,26,47,,,
"Sep 7, 2023 3:00 PM",387,193,194,36,18,18,18,11,7,24,10,14,307,113,194,,,,117,40,77,,,
"Sep 7, 2023 4:00 PM",336,161,175,67,44,23,37,21,16,35,13,22,476,140,336,,,,85,36,49,,,
"Sep 7, 2023 5:00 PM",288,132,156,75,48,27,53,33,20,30,12,18,319,121,198,,,,111,57,54,,,
"Sep 7, 2023 6:00 PM",351,174,177,97,59,38,54,30,24,30,22,8,419,177,242,,,,91,60,31,,,
"Sep 7, 2023 7:00 PM",410,209,201,88,40,48,59,39,20,28,10,18,357,130,227,,,,93,44,49,,,
"Sep 7, 2023 8:00 PM",361,184,177,89,45,44,41,21,20,17,8,9,227,70,157,,,,46,12,34,,,
"Sep 7, 2023 9:00 PM",150,72,78,29,16,13,29,17,12,6,6,0,221,43,178,,,,28,9,19,,,
"Sep 7, 2023 10:00 PM",87,57,30,19,10,9,9,2,7,5,1,4,216,50,166,,,,21,7,14,,,
"Sep 7, 2023 11:00 PM",18,6,12,6,4,2,7,5,2,1,0,1,172,30,142,,,,7,5,2,,,
"Sep 8, 2023 12:00 AM",2,1,1,1,0,1,6,3,3,3,0,3,26,4,22,,,,8,4,4,,,
"Sep 8, 2023 1:00 AM",9,8,1,2,1,1,1,1,0,0,0,0,4,0,4,,,,5,3,2,,,
"Sep 8, 2023 2:00 AM",8,2,6,1,1,0,2,2,0,0,0,0,0,0,0,,,,0,0,0,,,
"Sep 8, 2023 3:00 AM",1,0,1,0,0,0,0,0,0,1,0,1,17,5,12,,,,1,1,0,,,
"Sep 8, 2023 4:00 AM",0,0,0,3,3,0,1,0,1,0,0,0,0,0,0,,,,1,1,0,,,
"Sep 8, 2023 5:00 AM",18,8,10,1,0,1,0,0,0,2,1,1,9,5,4,,,,2,1,1,,,
"Sep 8, 2023 6:00 AM",65,34,31,21,11,10,17,9,8,7,4,3,38,21,17,,,,13,6,7,,,
"Sep 8, 2023 7:00 AM",171,109,62,40,20,20,22,12,10,16,8,8,119,51,68,,,,45,16,29,,,
"Sep 8, 2023 8:00 AM",218,111,107,61,29,32,40,21,19,33,13,20,255,104,151,,,,143,104,39,,,
"Sep 8, 2023 9:00 AM",337,173,164,63,30,33,41,18,23,33,20,13,256,93,163,,,,46,18,28,,,
"Sep 8, 2023 10:00 AM",401,230,171,71,37,34,29,14,15,24,10,14,208,75,133,,,,46,23,23,,,
"Sep 8, 2023 11:00 AM",470,234,236,85,40,45,40,29,11,29,14,15,191,79,112,,,,38,21,17,,,
"Sep 8, 2023 12:00 PM",570,306,264,76,46,30,53,27,26,30,21,9,214,102,112,,,,49,30,19,,,
"Sep 8, 2023 1:00 PM",564,293,271,81,50,31,48,26,22,18,10,8,309,111,198,,,,140,75,65,,,
"Sep 8, 2023 2:00 PM",617,357,260,41,25,16,41,18,23,27,13,14,393,173,220,,,,72,43,29,,,
"Sep 8, 2023 3:00 PM",601,321,280,93,44,49,44,19,25,24,10,14,249,95,154,,,,84,54,30,,,
"Sep 8, 2023 4:00 PM",603,331,272,96,36,60,61,24,37,32,15,17,257,105,152,,,,94,50,44,,,
"Sep 8, 2023 5:00 PM",710,397,313,135,90,45,89,40,49,43,14,29,478,168,310,,,,76,52,24,,,
"Sep 8, 2023 6:00 PM",782,401,381,177,106,71,82,34,48,45,30,15,298,116,182,,,,81,56,25,,,
"Sep 8, 2023 7:00 PM",728,322,406,163,74,89,87,45,42,21,11,10,262,96,166,,,,67,25,42,,,
"Sep 8, 2023 8:00 PM",597,242,355,115,44,71,65,31,34,12,8,4,149,42,107,,,,48,28,20,,,
"Sep 8, 2023 9:00 PM",259,104,155,60,14,46,47,24,23,10,5,5,125,36,89,,,,40,23,17,,,
"Sep 8, 2023 10:00 PM",87,52,35,18,4,14,34,26,8,7,4,3,296,55,241,,,,20,7,13,,,
"Sep 8, 2023 11:00 PM",34,15,19,14,7,7,5,3,2,1,1,0,563,76,487,,,,10,4,6,,,
"Sep 9, 2023 12:00 AM",1,0,1,1,0,1,9,3,6,10,4,6,70,33,37,,,,9,6,3,,,
"Sep 9, 2023 1:00 AM",7,1,6,1,0,1,0,0,0,3,0,3,31,21,10,,,,7,7,0,,,
"Sep 9, 2023 2:00 AM",4,2,2,4,2,2,4,4,0,15,3,12,6,5,1,,,,6,4,2,,,
"Sep 9, 2023 3:00 AM",3,3,0,0,0,0,0,0,0,1,1,0,0,0,0,,,,3,3,0,,,
"Sep 9, 2023 4:00 AM",4,0,4,0,0,0,0,0,0,0,0,0,1,1,0,,,,2,1,1,,,
"Sep 9, 2023 5:00 AM",2,2,0,0,0,0,1,1,0,0,0,0,4,1,3,,,,0,0,0,,,
"Sep 9, 2023 6:00 AM",40,20,20,4,3,1,2,2,0,5,1,4,9,5,4,,,,8,5,3,,,
"Sep 9, 2023 7:00 AM",137,70,67,34,22,12,21,10,11,13,4,9,77,36,41,,,,19,10,9,,,
"Sep 9, 2023 8:00 AM",226,134,92,65,38,27,37,22,15,23,10,13,117,70,47,,,,26,13,13,,,
"Sep 9, 2023 9:00 AM",285,165,120,103,52,51,58,32,26,29,18,11,200,101,99,,,,37,14,23,,,
"Sep 9, 2023 10:00 AM",428,259,169,122,73,49,62,42,20,42,19,23,224,102,122,,,,42,23,19,,,
"Sep 9, 2023 11:00 AM",538,309,229,126,61,65,64,38,26,38,21,17,339,159,180,,,,52,29,23,,,
"Sep 9, 2023 12:00 PM",721,351,370,103,54,49,69,39,30,27,12,15,283,122,161,,,,47,25,22,,,
"Sep 9, 2023 1:00 PM",694,366,328,97,62,35,80,49,31,32,14,18,308,121,187,,,,65,36,29,,,
"Sep 9, 2023 2:00 PM",858,501,357,94,54,40,66,33,33,27,16,11,314,130,184,,,,55,34,21,,,
"Sep 9, 2023 3:00 PM",842,541,301,125,79,46,70,45,25,26,13,13,196,83,113,,,,45,24,21,,,
"Sep 9, 2023 4:00 PM",941,459,482,122,52,70,71,31,40,23,14,9,259,108,151,,,,56,29,27,,,
"Sep 9, 2023 5:00 PM",927,413,514,160,78,82,94,46,48,41,26,15,233,82,151,,,,58,37,21,,,
"Sep 9, 2023 6:00 PM",732,317,415,133,71,62,64,22,42,32,16,16,213,54,159,,,,56,33,23,,,
"Sep 9, 2023 7:00 PM",614,271,343,92,44,48,58,22,36,24,14,10,179,63,116,,,,83,45,38,,,
"Sep 9, 2023 8:00 PM",422,187,235,55,28,27,55,34,21,13,5,8,219,48,171,,,,37,21,16,,,
"Sep 9, 2023 9:00 PM",172,82,90,27,11,16,44,24,20,34,12,22,172,41,131,,,,33,13,20,,,
"Sep 9, 2023 10:00 PM",92,41,51,11,2,9,24,10,14,10,6,4,63,16,47,,,,13,8,5,,,
"Sep 9, 2023 11:00 PM",42,17,25,7,0,7,8,2,6,5,3,2,85,23,62,,,,25,17,8,,,
"Sep 10, 2023 12:00 AM",6,2,4,1,0,1,3,2,1,4,1,3,76,21,55,,,,6,3,3,,,
"Sep 10, 2023 1:00 AM",5,3,2,3,3,0,0,0,0,1,1,0,29,6,23,,,,23,20,3,,,
"Sep 10, 2023 2:00 AM",7,4,3,0,0,0,3,0,3,0,0,0,0,0,0,,,,6,4,2,,,
"Sep 10, 2023 3:00 AM",3,2,1,0,0,0,0,0,0,3,2,1,1,1,0,,,,11,8,3,,,
"Sep 10, 2023 4:00 AM",2,2,0,0,0,0,0,0,0,0,0,0,1,1,0,,,,18,6,12,,,
"Sep 10, 2023 5:00 AM",3,1,2,0,0,0,2,1,1,0,0,0,3,0,3,,,,4,1,3,,,
"Sep 10, 2023 6:00 AM",21,3,18,4,2,2,2,0,2,2,1,1,13,8,5,,,,16,12,4,,,
"Sep 10, 2023 7:00 AM",84,58,26,22,20,2,6,2,4,7,4,3,32,16,16,,,,11,5,6,,,
"Sep 10, 2023 8:00 AM",209,98,111,67,46,21,31,19,12,18,8,10,74,46,28,,,,26,12,14,,,
"Sep 10, 2023 9:00 AM",279,166,113,78,47,31,48,27,21,22,15,7,192,94,98,,,,43,13,30,,,
"Sep 10, 2023 10:00 AM",515,279,236,123,76,47,75,51,24,46,24,22,281,135,146,,,,65,36,29,,,
"Sep 10, 2023 11:00 AM",642,392,250,127,76,51,86,42,44,56,35,21,397,189,208,,,,60,36,24,,,
"Sep 10, 2023 12:00 PM",771,435,336,132,64,68,94,67,27,35,13,22,269,124,145,,,,70,37,33,,,
"Sep 10, 2023 1:00 PM",690,383,307,244,211,33,214,165,49,39,20,19,461,181,280,,,,63,27,36,,,
"Sep 10, 2023 2:00 PM",819,519,300,113,87,26,113,87,26,37,18,19,310,134,176,,,,55,19,36,,,
"Sep 10, 2023 3:00 PM",672,334,338,71,35,36,62,41,21,36,23,13,298,119,179,,,,57,36,21,,,
"Sep 10, 2023 4:00 PM",463,203,260,63,25,38,62,32,30,26,16,10,356,171,185,,,,49,20,29,,,
"Sep 10, 2023 5:00 PM",375,179,196,55,27,28,38,19,19,21,6,15,308,159,149,,,,42,25,17,,,
"Sep 10, 2023 6:00 PM",375,184,191,35,13,22,32,20,12,18,6,12,210,74,136,,,,65,35,30,,,
"Sep 10, 2023 7:00 PM",276,129,147,47,22,25,36,13,23,11,5,6,282,104,178,,,,40,17,23,,,
"Sep 10, 2023 8:00 PM",189,91,98,32,22,10,32,18,14,11,4,7,142,61,81,,,,29,17,12,,,
"Sep 10, 2023 9:00 PM",76,43,33,20,6,14,19,7,12,0,0,0,104,28,76,,,,28,16,12,,,
"Sep 10, 2023 10:00 PM",29,14,15,6,5,1,12,5,7,8,3,5,21,9,12,,,,13,7,6,,,
"Sep 10, 2023 11:00 PM",1,0,1,6,2,4,5,1,4,1,1,0,9,6,3,,,,7,7,0,,,
"Sep 11, 2023 12:00 AM",0,0,0,0,0,0,0,0,0,0,0,0,5,4,1,,,,8,6,2,,,
"Sep 11, 2023 1:00 AM",3,1,2,0,0,0,1,0,1,0,0,0,19,11,8,,,,3,2,1,,,
"Sep 11, 2023 2:00 AM",3,2,1,0,0,0,0,0,0,0,0,0,10,9,1,,,,1,0,1,,,
"Sep 11, 2023 3:00 AM",1,1,0,0,0,0,0,0,0,0,0,0,1,1,0,,,,0,0,0,,,
"Sep 11, 2023 4:00 AM",0,0,0,1,1,0,0,0,0,0,0,0,0,0,0,,,,1,1,0,,,
"Sep 11, 2023 5:00 AM",10,4,6,1,1,0,0,0,0,1,1,0,6,2,4,,,,0,0,0,,,
"Sep 11, 2023 6:00 AM",45,24,21,15,9,6,18,11,7,9,3,6,37,26,11,,,,8,4,4,,,
"Sep 11, 2023 7:00 AM",126,75,51,21,8,13,16,6,10,23,9,14,129,51,78,,,,36,15,21,,,
"Sep 11, 2023 8:00 AM",183,84,99,38,16,22,20,11,9,50,17,33,229,94,135,,,,140,96,44,,,
"Sep 11, 2023 9:00 AM",149,77,72,32,17,15,20,10,10,27,18,9,115,47,68,,,,31,12,19,,,
"Sep 11, 2023 10:00 AM",121,73,48,22,8,14,18,6,12,23,12,11,110,42,68,,,,25,13,12,,,
"Sep 11, 2023 11:00 AM",172,82,90,39,20,19,23,15,8,24,12,12,119,48,71,,,,31,14,17,,,
"Sep 11, 2023 12:00 PM",171,82,89,28,20,8,14,10,4,29,8,21,51,24,27,,,,22,11,11,,,
"Sep 11, 2023 1:00 PM",95,45,50,22,12,10,29,20,9,24,12,12,48,22,26,,,,38,17,21,,,
"Sep 11, 2023 2:00 PM",48,22,26,10,4,6,5,4,1,12,4,8,33,13,20,,,,32,12,20,,,
"Sep 11, 2023 3:00 PM",35,19,16,14,5,9,12,7,5,7,2,5,28,14,14,,,,69,14,55,,,
"Sep 11, 2023 4:00 PM",56,31,25,13,7,6,15,8,7,18,10,8,50,16,34,,,,46,13,33,,,
"Sep 11, 2023 5:00 PM",83,44,39,18,10,8,18,12,6,22,11,11,45,26,19,,,,40,18,22,,,
"Sep 11, 2023 6:00 PM",87,36,51,29,13,16,23,13,10,34,9,25,51,28,23,,,,36,19,17,,,
"Sep 11, 2023 7:00 PM",82,31,51,18,6,12,10,4,6,19,12,7,48,25,23,,,,32,19,13,,,
"Sep 11, 2023 8:00 PM",52,31,21,8,5,3,9,6,3,13,4,9,23,13,10,,,,23,8,15,,,
"Sep 11, 2023 9:00 PM",28,16,12,9,3,6,6,3,3,2,0,2,12,5,7,,,,13,6,7,,,
"Sep 11, 2023 10:00 PM",7,3,4,5,1,4,2,0,2,2,0,2,4,2,2,,,,7,3,4,,,
"Sep 11, 2023 11:00 PM",0,0,0,4,0,4,1,0,1,4,3,1,7,1,6,,,,5,4,1,,,
"Sep 12, 2023 12:00 AM",0,0,0,0,0,0,0,0,0,0,0,0,3,1,2,,,,3,2,1,,,
"Sep 12, 2023 1:00 AM",0,0,0,1,0,1,1,1,0,0,0,0,0,0,0,,,,2,2,0,,,
"Sep 12, 2023 2:00 AM",1,1,0,2,1,1,0,0,0,0,0,0,0,0,0,,,,0,0,0,,,
"Sep 12, 2023 3:00 AM",1,1,0,1,1,0,0,0,0,0,0,0,0,0,0,,,,2,1,1,,,
"Sep 12, 2023 4:00 AM",0,0,0,0,0,0,1,1,0,0,0,0,0,0,0,,,,3,3,0,,,
"Sep 12, 2023 5:00 AM",3,1,2,2,1,1,2,1,1,0,0,0,6,3,3,,,,3,1,2,,,
"Sep 12, 2023 6:00 AM",51,22,29,12,4,8,12,8,4,10,7,3,31,16,15,,,,9,5,4,,,
"Sep 12, 2023 7:00 AM",95,47,48,26,14,12,18,7,11,24,3,21,88,50,38,,,,35,16,19,,,
"Sep 12, 2023 8:00 AM",153,77,76,40,13,27,25,16,9,49,21,28,137,67,70,,,,158,108,50,,,
"Sep 12, 2023 9:00 AM",186,110,76,36,21,15,23,5,18,21,14,7,136,73,63,,,,46,24,22,,,
"Sep 12, 2023 10:00 AM",253,136,117,34,22,12,38,17,21,27,11,16,90,53,37,,,,47,23,24,,,
"Sep 12, 2023 11:00 AM",348,177,171,54,23,31,53,31,22,32,18,14,156,54,102,,,,60,18,42,,,
"Sep 12, 2023 12:00 PM",283,148,135,64,25,39,36,19,17,34,23,11,176,65,111,,,,34,15,19,,,
"Sep 12, 2023 1:00 PM",301,163,138,52,27,25,59,29,30,32,22,10,254,129,125,,,,68,37,31,,,
"Sep 12, 2023 2:00 PM",240,108,132,26,11,15,19,12,7,24,6,18,251,123,128,,,,73,34,39,,,
"Sep 12, 2023 3:00 PM",231,117,114,58,32,26,29,15,14,34,13,21,226,86,140,,,,116,57,59,,,
"Sep 12, 2023 4:00 PM",293,151,142,41,20,21,37,19,18,34,19,15,343,128,215,,,,95,51,44,,,
"Sep 12, 2023 5:00 PM",245,125,120,39,23,16,48,27,21,39,21,18,290,113,177,,,,134,76,58,,,
"Sep 12, 2023 6:00 PM",300,157,143,71,46,25,47,32,15,25,12,13,358,138,220,,,,124,71,53,,,
"Sep 12, 2023 7:00 PM",307,160,147,53,31,22,44,21,23,33,16,17,291,128,163,,,,95,39,56,,,
"Sep 12, 2023 8:00 PM",282,157,125,54,25,29,42,23,19,23,12,11,232,88,144,,,,91,32,59,,,
"Sep 12, 2023 9:00 PM",123,63,60,34,13,21,16,5,11,20,17,3,158,58,100,,,,34,17,17,,,
"Sep 12, 2023 10:00 PM",29,13,16,19,1,18,12,4,8,5,1,4,192,90,102,,,,11,4,7,,,
"Sep 12, 2023 11:00 PM",8,6,2,7,2,5,2,0,2,0,0,0,30,9,21,,,,8,5,3,,,
"Sep 13, 2023 12:00 AM",1,1,0,0,0,0,2,0,2,0,0,0,54,11,43,,,,6,3,3,,,
"Sep 13, 2023 1:00 AM",2,1,1,0,0,0,0,0,0,0,0,0,0,0,0,,,,6,3,3,,,
"Sep 13, 2023 2:00 AM",2,1,1,0,0,0,0,0,0,0,0,0,3,3,0,,,,1,1,0,,,
"Sep 13, 2023 3:00 AM",0,0,0,0,0,0,0,0,0,2,0,2,2,1,1,,,,0,0,0,,,
"Sep 13, 2023 4:00 AM",1,0,1,0,0,0,0,0,0,3,2,1,1,1,0,,,,2,2,0,,,
"Sep 13, 2023 5:00 AM",17,13,4,2,1,1,3,2,1,0,0,0,16,9,7,,,,3,0,3,,,
"Sep 13, 2023 6:00 AM",53,24,29,25,15,10,22,16,6,11,8,3,55,33,22,,,,15,9,6,,,
"Sep 13, 2023 7:00 AM",137,74,63,28,10,18,23,14,9,25,10,15,198,72,126,,,,35,15,20,,,
"Sep 13, 2023 8:00 AM",182,83,99,43,23,20,47,17,30,42,27,15,334,107,227,,,,142,97,45,,,
"Sep 13, 2023 9:00 AM",190,95,95,42,24,18,25,7,18,30,12,18,248,105,143,,,,67,26,41,,,
"Sep 13, 2023 10:00 AM",234,137,97,31,13,18,32,21,11,23,16,7,324,112,212,,,,32,15,17,,,
"Sep 13, 2023 11:00 AM",303,169,134,31,12,19,28,14,14,45,13,32,221,116,105,,,,40,16,24,,,
"Sep 13, 2023 12:00 PM",279,146,133,37,14,23,51,30,21,43,26,17,227,96,131,,,,38,20,18,,,
"Sep 13, 2023 1:00 PM",257,120,137,48,33,15,39,21,18,48,23,25,204,104,100,,,,68,34,34,,,
"Sep 13, 2023 2:00 PM",187,88,99,31,14,17,24,12,12,26,9,17,169,77,92,,,,92,45,47,,,
"Sep 13, 2023 3:00 PM",167,82,85,20,10,10,26,13,13,26,15,11,144,63,81,,,,120,35,85,,,
"Sep 13, 2023 4:00 PM",130,53,77,19,10,9,9,3,6,28,20,8,166,75,91,,,,65,30,35,,,
"Sep 13, 2023 5:00 PM",98,46,52,27,13,14,22,13,9,20,9,11,121,61,60,,,,88,47,41,,,
"Sep 13, 2023 6:00 PM",67,42,25,35,17,18,29,8,21,25,10,15,100,57,43,,,,55,26,29,,,
"Sep 13, 2023 7:00 PM",103,40,63,40,22,18,22,13,9,18,10,8,91,42,49,,,,73,33,40,,,
"Sep 13, 2023 8:00 PM",116,59,57,27,16,11,30,16,14,15,12,3,131,40,91,,,,33,17,16,,,
"Sep 13, 2023 9:00 PM",59,40,19,31,14,17,28,19,9,8,5,3,87,27,60,,,,22,5,17,,,
"Sep 13, 2023 10:00 PM",28,15,13,10,4,6,10,4,6,11,5,6,65,12,53,,,,7,3,4,,,
"Sep 13, 2023 11:00 PM",20,9,11,5,3,2,3,1,2,2,0,2,17,5,12,,,,6,3,3,,,
"Sep 14, 2023 12:00 AM",0,0,0,0,0,0,4,0,4,2,1,1,13,3,10,,,,2,2,0,,,
"Sep 14, 2023 1:00 AM",0,0,0,0,0,0,0,0,0,0,0,0,1,0,1,,,,3,3,0,,,
"Sep 14, 2023 2:00 AM",0,0,0,0,0,0,0,0,0,0,0,0,0,0,0,,,,0,0,0,,,
"Sep 14, 2023 3:00 AM",1,1,0,0,0,0,1,1,0,0,0,0,0,0,0,,,,3,1,2,,,
"Sep 14, 2023 4:00 AM",2,2,0,0,0,0,0,0,0,0,0,0,0,0,0,,,,3,2,1,,,
"Sep 14, 2023 5:00 AM",8,2,6,0,0,0,1,0,1,0,0,0,6,2,4,,,,2,0,2,,,
"Sep 14, 2023 6:00 AM",45,26,19,14,10,4,18,13,5,5,3,2,80,31,49,,,,10,5,5,,,
"Sep 14, 2023 7:00 AM",124,62,62,40,13,27,32,12,20,22,6,16,184,93,91,,,,39,18,21,,,
"Sep 14, 2023 8:00 AM",164,82,82,42,16,26,58,30,28,33,10,23,230,112,118,,,,137,97,40,,,
"Sep 14, 2023 9:00 AM",215,117,98,43,29,14,22,12,10,23,16,7,265,143,122,,,,49,18,31,,,
"Sep 14, 2023 10:00 AM",236,110,126,35,20,15,35,19,16,27,14,13,226,88,138,,,,39,18,21,,,
"Sep 14, 2023 11:00 AM",322,169,153,46,20,26,28,19,9,24,11,13,112,51,61,,,,32,12,20,,,
"Sep 14, 2023 12:00 PM",263,150,113,36,15,21,27,16,11,38,20,18,133,67,66,,,,37,17,20,,,
"Sep 14, 2023 1:00 PM",266,129,137,57,26,31,39,14,25,39,24,15,151,78,73,,,,56,21,35,,,
"Sep 14, 2023 2:00 PM",226,128,98,27,16,11,19,12,7,26,14,12,187,93,94,,,,62,32,30,,,
"Sep 14, 2023 3:00 PM",218,120,98,21,9,12,19,7,12,32,19,13,266,94,172,,,,109,27,82,,,
"Sep 14, 2023 4:00 PM",184,89,95,55,35,20,40,24,16,23,16,7,240,86,154,,,,63,18,45,,,
"Sep 14, 2023 5:00 PM",123,63,60,34,22,12,29,12,17,37,16,21,169,68,101,,,,71,32,39,,,
"Sep 14, 2023 6:00 PM",125,64,61,25,15,10,23,13,10,17,10,7,92,40,52,,,,60,38,22,,,
"Sep 14, 2023 7:00 PM",118,59,59,27,15,12,37,23,14,17,8,9,117,50,67,,,,49,21,28,,,
"Sep 14, 2023 8:00 PM",126,59,67,27,10,17,13,5,8,13,8,5,44,14,30,,,,31,10,21,,,
"Sep 14, 2023 9:00 PM",64,33,31,16,7,9,13,5,8,4,2,2,29,17,12,,,,24,7,17,,,
"Sep 14, 2023 10:00 PM",11,6,5,5,3,2,6,4,2,0,0,0,12,6,6,,,,10,5,5,,,
"Sep 14, 2023 11:00 PM",2,1,1,8,4,4,2,1,1,0,0,0,2,1,1,,,,2,1,1,,,
"Sep 15, 2023 12:00 AM",0,0,0,0,0,0,6,5,1,0,0,0,1,0,1,,,,5,4,1,,,
"Sep 15, 2023 1:00 AM",3,3,0,0,0,0,1,1,0,0,0,0,0,0,0,,,,3,2,1,,,
"Sep 15, 2023 2:00 AM",2,0,2,0,0,0,3,1,2,0,0,0,0,0,0,,,,1,1,0,,,
"Sep 15, 2023 3:00 AM",0,0,0,0,0,0,0,0,0,0,0,0,0,0,0,,,,0,0,0,,,
"Sep 15, 2023 4:00 AM",0,0,0,0,0,0,0,0,0,0,0,0,0,0,0,,,,1,1,0,,,
"Sep 15, 2023 5:00 AM",4,3,1,0,0,0,0,0,0,1,1,0,2,1,1,,,,1,0,1,,,
"Sep 15, 2023 6:00 AM",31,15,16,6,3,3,3,2,1,2,1,1,10,5,5,,,,6,3,3,,,
"Sep 15, 2023 7:00 AM",37,21,16,12,9,3,10,4,6,10,5,5,25,12,13,,,,31,10,21,,,
"Sep 15, 2023 8:00 AM",27,11,16,17,8,9,10,3,7,12,7,5,42,23,19,,,,77,51,26,,,
"Sep 15, 2023 9:00 AM",122,60,62,7,4,3,33,16,17,13,6,7,22,8,14,,,,19,5,14,,,
"Sep 15, 2023 10:00 AM",15,7,8,29,15,14,5,2,3,5,5,0,12,8,4,,,,19,8,11,,,
"Sep 15, 2023 11:00 AM",24,17,7,8,3,5,9,4,5,96,62,34,18,10,8,,,,81,45,36,,,
"Sep 15, 2023 12:00 PM",42,27,15,18,8,10,9,4,5,22,10,12,46,27,19,,,,19,8,11,,,
"Sep 15, 2023 1:00 PM",36,20,16,10,4,6,11,8,3,11,5,6,29,11,18,,,,59,11,48,,,
"Sep 15, 2023 2:00 PM",35,24,11,11,6,5,8,4,4,11,6,5,17,8,9,,,,20,9,11,,,
"Sep 15, 2023 3:00 PM",18,12,6,10,6,4,6,4,2,10,5,5,27,11,16,,,,25,12,13,,,
"Sep 15, 2023 4:00 PM",21,11,10,13,6,7,6,4,2,8,4,4,28,10,18,,,,27,16,11,,,
"Sep 15, 2023 5:00 PM",74,53,21,44,41,3,28,20,8,12,8,4,27,11,16,,,,28,15,13,,,
"Sep 15, 2023 6:00 PM",78,35,43,15,9,6,26,11,15,20,10,10,44,32,12,,,,43,19,24,,,
"Sep 15, 2023 7:00 PM",68,36,32,19,10,9,20,7,13,13,10,3,46,25,21,,,,31,12,19,,,
"Sep 15, 2023 8:00 PM",38,22,16,18,11,7,11,5,6,9,3,6,31,15,16,,,,23,8,15,,,
"Sep 15, 2023 9:00 PM",56,26,30,7,4,3,14,9,5,9,6,3,9,4,5,,,,12,6,6,,,
"Sep 15, 2023 10:00 PM",20,11,9,1,1,0,1,0,1,7,2,5,15,15,0,,,,18,7,11,,,
"Sep 15, 2023 11:00 PM",6,6,0,1,1,0,3,2,1,2,1,1,2,0,2,,,,5,3,2,,,
"Sep 16, 2023 12:00 AM",2,2,0,0,0,0,1,0,1,2,2,0,0,0,0,,,,7,6,1,,,
"Sep 16, 2023 1:00 AM",4,1,3,0,0,0,2,2,0,0,0,0,0,0,0,,,,4,4,0,,,
"Sep 16, 2023 2:00 AM",4,4,0,0,0,0,0,0,0,1,0,1,0,0,0,,,,4,2,2,,,
"Sep 16, 2023 3:00 AM",0,0,0,0,0,0,0,0,0,2,0,2,0,0,0,,,,4,1,3,,,
"Sep 16, 2023 4:00 AM",0,0,0,0,0,0,0,0,0,0,0,0,0,0,0,,,,1,0,1,,,
"Sep 16, 2023 5:00 AM",2,2,0,0,0,0,0,0,0,0,0,0,0,0,0,,,,3,2,1,,,
"Sep 16, 2023 6:00 AM",11,4,7,8,4,4,3,0,3,1,0,1,7,2,5,,,,6,4,2,,,
"Sep 16, 2023 7:00 AM",56,29,27,10,6,4,20,10,10,13,6,7,38,20,18,,,,10,4,6,,,
"Sep 16, 2023 8:00 AM",84,42,42,31,14,17,48,27,21,24,6,18,57,35,22,,,,22,16,6,,,
"Sep 16, 2023 9:00 AM",127,74,53,68,42,26,58,34,24,27,11,16,90,47,43,,,,35,17,18,,,
"Sep 16, 2023 10:00 AM",192,95,97,84,51,33,76,43,33,30,12,18,157,95,62,,,,41,18,23,,,
"Sep 16, 2023 11:00 AM",273,159,114,81,45,36,74,47,27,50,31,19,147,74,73,,,,41,20,21,,,
"Sep 16, 2023 12:00 PM",167,84,83,57,38,19,49,25,24,38,17,21,133,56,77,,,,27,13,14,,,
"Sep 16, 2023 1:00 PM",178,88,90,48,21,27,56,28,28,46,22,24,76,39,37,,,,25,12,13,,,
"Sep 16, 2023 2:00 PM",113,81,32,40,22,18,37,25,12,26,11,15,50,23,27,,,,18,9,9,,,
"Sep 16, 2023 3:00 PM",153,68,85,36,18,18,41,22,19,34,15,19,44,20,24,,,,39,18,21,,,
"Sep 16, 2023 4:00 PM",201,111,90,51,30,21,47,31,16,34,18,16,62,39,23,,,,42,15,27,,,
"Sep 16, 2023 5:00 PM",153,83,70,41,20,21,43,19,24,14,5,9,84,40,44,,,,55,31,24,,,
"Sep 16, 2023 6:00 PM",128,74,54,30,13,17,23,10,13,21,16,5,80,40,40,,,,55,23,32,,,
"Sep 16, 2023 7:00 PM",134,70,64,26,17,9,36,21,15,12,3,9,44,24,20,,,,38,16,22,,,
"Sep 16, 2023 8:00 PM",46,22,24,17,6,11,34,16,18,3,1,2,29,10,19,,,,22,8,14,,,
"Sep 16, 2023 9:00 PM",58,33,25,8,4,4,19,11,8,2,1,1,23,9,14,,,,17,9,8,,,
"Sep 16, 2023 10:00 PM",24,17,7,5,3,2,8,4,4,8,3,5,33,19,14,,,,9,6,3,,,
"Sep 16, 2023 11:00 PM",4,2,2,1,0,1,16,7,9,4,2,2,96,24,72,,,,7,4,3,,,
"Sep 17, 2023 12:00 AM",0,0,0,1,0,1,1,1,0,3,2,1,13,3,10,,,,6,3,3,,,
"Sep 17, 2023 1:00 AM",1,1,0,0,0,0,0,0,0,1,0,1,0,0,0,,,,3,1,2,,,
"Sep 17, 2023 2:00 AM",0,0,0,5,5,0,0,0,0,2,0,2,4,4,0,,,,1,1,0,,,
"Sep 17, 2023 3:00 AM",0,0,0,0,0,0,0,0,0,0,0,0,0,0,0,,,,4,4,0,,,
"Sep 17, 2023 4:00 AM",0,0,0,0,0,0,0,0,0,0,0,0,0,0,0,,,,3,2,1,,,
"Sep 17, 2023 5:00 AM",3,2,1,1,1,0,0,0,0,1,1,0,2,1,1,,,,2,1,1,,,
"Sep 17, 2023 6:00 AM",5,1,4,4,3,1,1,1,0,0,0,0,5,2,3,,,,1,1,0,,,
"Sep 17, 2023 7:00 AM",25,13,12,8,5,3,8,3,5,1,1,0,10,5,5,,,,8,2,6,,,
"Sep 17, 2023 8:00 AM",80,40,40,37,18,19,13,8,5,11,5,6,33,17,16,,,,14,9,5,,,
"Sep 17, 2023 9:00 AM",130,56,74,38,21,17,24,12,12,17,10,7,80,39,41,,,,18,7,11,,,
"Sep 17, 2023 10:00 AM",304,146,158,92,50,42,53,30,23,33,17,16,123,70,53,,,,44,21,23,,,
"Sep 17, 2023 11:00 AM",392,200,192,82,40,42,65,37,28,25,11,14,155,89,66,,,,58,28,30,,,
"Sep 17, 2023 12:00 PM",414,189,225,72,54,18,60,39,21,32,14,18,93,56,37,,,,59,39,20,,,
"Sep 17, 2023 1:00 PM",482,271,211,64,30,34,53,28,25,51,24,27,110,64,46,,,,66,26,40,,,
"Sep 17, 2023 2:00 PM",233,93,140,57,27,30,42,21,21,32,15,17,56,20,36,,,,27,12,15,,,
"Sep 17, 2023 3:00 PM",169,83,86,33,20,13,42,20,22,13,5,8,41,23,18,,,,46,17,29,,,
"Sep 17, 2023 4:00 PM",144,55,89,33,15,18,41,15,26,21,10,11,44,22,22,,,,22,10,12,,,
"Sep 17, 2023 5:00 PM",84,46,38,20,10,10,21,9,12,3,2,1,25,13,12,,,,22,12,10,,,
"Sep 17, 2023 6:00 PM",88,44,44,23,11,12,23,9,14,12,7,5,33,19,14,,,,24,12,12,,,
"Sep 17, 2023 7:00 PM",122,68,54,34,17,17,25,11,14,10,3,7,44,22,22,,,,32,9,23,,,
"Sep 17, 2023 8:00 PM",67,32,35,35,22,13,37,17,20,12,8,4,25,9,16,,,,11,6,5,,,
"Sep 17, 2023 9:00 PM",50,29,21,17,4,13,18,6,12,7,1,6,10,4,6,,,,15,4,11,,,
"Sep 17, 2023 10:00 PM",11,7,4,5,1,4,9,4,5,5,2,3,5,4,1,,,,8,7,1,,,
"Sep 17, 2023 11:00 PM",6,5,1,1,1,0,0,0,0,10,3,7,0,0,0,,,,6,4,2,,,
"Sep 18, 2023 12:00 AM",0,0,0,2,2,0,1,0,1,0,0,0,0,0,0,,,,3,2,1,,,
"Sep 18, 2023 1:00 AM",3,1,2,5,2,3,0,0,0,0,0,0,0,0,0,,,,2,0,2,,,
"Sep 18, 2023 2:00 AM",0,0,0,0,0,0,0,0,0,0,0,0,1,1,0,,,,0,0,0,,,
"Sep 18, 2023 3:00 AM",0,0,0,0,0,0,0,0,0,0,0,0,0,0,0,,,,1,1,0,,,
"Sep 18, 2023 4:00 AM",0,0,0,1,1,0,0,0,0,0,0,0,1,1,0,,,,1,1,0,,,
"Sep 18, 2023 5:00 AM",11,5,6,2,1,1,1,1,0,2,2,0,6,3,3,,,,1,0,1,,,
"Sep 18, 2023 6:00 AM",35,18,17,21,11,10,15,8,7,4,3,1,41,22,19,,,,9,6,3,,,
"Sep 18, 2023 7:00 AM",85,47,38,21,11,10,18,8,10,15,5,10,56,30,26,,,,38,17,21,,,
"Sep 18, 2023 8:00 AM",128,62,66,44,19,25,19,10,9,52,21,31,100,48,52,,,,138,95,43,,,
"Sep 18, 2023 9:00 AM",163,77,86,24,12,12,19,11,8,41,29,12,83,46,37,,,,48,22,26,,,
"Sep 18, 2023 10:00 AM",258,137,121,40,25,15,36,22,14,29,20,9,122,55,67,,,,41,17,24,,,
"Sep 18, 2023 11:00 AM",264,116,148,35,16,19,28,18,10,20,11,9,125,64,61,,,,56,26,30,,,
"Sep 18, 2023 12:00 PM",303,133,170,44,26,18,28,16,12,35,14,21,78,43,35,,,,48,16,32,,,
"Sep 18, 2023 1:00 PM",285,151,134,32,15,17,34,16,18,51,34,17,150,96,54,,,,38,12,26,,,
"Sep 18, 2023 2:00 PM",179,78,101,31,13,18,27,17,10,14,5,9,182,83,99,,,,46,27,19,,,
"Sep 18, 2023 3:00 PM",239,115,124,27,18,9,31,16,15,34,15,19,146,85,61,,,,93,23,70,,,
"Sep 18, 2023 4:00 PM",229,125,104,52,31,21,34,23,11,33,21,12,235,102,133,,,,92,37,55,,,
"Sep 18, 2023 5:00 PM",224,118,106,54,35,19,48,33,15,39,22,17,229,112,117,,,,80,38,42,,,
"Sep 18, 2023 6:00 PM",290,153,137,84,50,34,45,30,15,37,17,20,213,113,100,,,,103,47,56,,,
"Sep 18, 2023 7:00 PM",267,129,138,57,33,24,58,35,23,29,17,12,166,91,75,,,,70,34,36,,,
"Sep 18, 2023 8:00 PM",168,87,81,44,24,20,43,29,14,20,9,11,101,40,61,,,,40,16,24,,,
"Sep 18, 2023 9:00 PM",60,32,28,21,7,14,19,6,13,9,5,4,86,45,41,,,,35,14,21,,,
"Sep 18, 2023 10:00 PM",25,18,7,3,1,2,9,5,4,5,1,4,48,19,29,,,,12,5,7,,,
"Sep 18, 2023 11:00 PM",9,2,7,0,0,0,6,2,4,1,0,1,36,17,19,,,,5,2,3,,,
"Sep 19, 2023 12:00 AM",0,0,0,0,0,0,0,0,0,1,0,1,31,31,0,,,,6,4,2,,,
"Sep 19, 2023 1:00 AM",0,0,0,1,1,0,0,0,0,0,0,0,16,16,0,,,,2,2,0,,,
"Sep 19, 2023 2:00 AM",0,0,0,0,0,0,0,0,0,0,0,0,0,0,0,,,,0,0,0,,,
"Sep 19, 2023 3:00 AM",0,0,0,0,0,0,0,0,0,0,0,0,0,0,0,,,,1,1,0,,,
"Sep 19, 2023 4:00 AM",0,0,0,1,1,0,0,0,0,0,0,0,0,0,0,,,,2,2,0,,,
"Sep 19, 2023 5:00 AM",6,3,3,0,0,0,0,0,0,1,0,1,3,1,2,,,,5,2,3,,,
"Sep 19, 2023 6:00 AM",30,17,13,12,5,7,8,5,3,7,6,1,24,16,8,,,,13,4,9,,,
"Sep 19, 2023 7:00 AM",79,40,39,24,6,18,13,8,5,17,5,12,125,79,46,,,,47,22,25,,,
"Sep 19, 2023 8:00 AM",109,52,57,31,12,19,19,9,10,37,16,21,169,76,93,,,,121,88,33,,,
"Sep 19, 2023 9:00 AM",140,71,69,30,20,10,20,10,10,31,19,12,112,66,46,,,,44,19,25,,,
"Sep 19, 2023 10:00 AM",110,58,52,21,14,7,29,12,17,20,11,9,152,86,66,,,,37,18,19,,,
"Sep 19, 2023 11:00 AM",143,70,73,11,6,5,22,8,14,21,9,12,91,49,42,,,,30,14,16,,,
"Sep 19, 2023 12:00 PM",148,64,84,30,16,14,22,7,15,22,12,10,66,36,30,,,,44,32,12,,,
"Sep 19, 2023 1:00 PM",179,91,88,25,13,12,41,27,14,25,15,10,163,103,60,,,,56,21,35,,,
"Sep 19, 2023 2:00 PM",178,83,95,19,9,10,17,9,8,23,15,8,221,102,119,,,,63,29,34,,,
"Sep 19, 2023 3:00 PM",154,79,75,28,16,12,20,13,7,29,14,15,194,100,94,,,,99,27,72,,,
"Sep 19, 2023 4:00 PM",167,95,72,31,22,9,23,16,7,47,24,23,241,118,123,,,,116,50,66,,,
"Sep 19, 2023 5:00 PM",186,93,93,46,28,18,37,18,19,25,6,19,405,205,200,,,,69,35,34,,,
"Sep 19, 2023 6:00 PM",186,86,100,57,33,24,30,17,13,31,17,14,343,193,150,,,,98,58,40,,,
"Sep 19, 2023 7:00 PM",227,114,113,53,23,30,40,15,25,27,22,5,270,116,154,,,,92,40,52,,,
"Sep 19, 2023 8:00 PM",177,100,77,50,15,35,44,17,27,21,11,10,83,33,50,,,,37,16,21,,,
"Sep 19, 2023 9:00 PM",71,38,33,11,6,5,18,7,11,5,1,4,135,53,82,,,,28,11,17,,,
"Sep 19, 2023 10:00 PM",24,11,13,9,5,4,3,1,2,0,0,0,249,96,153,,,,12,7,5,,,
"Sep 19, 2023 11:00 PM",5,2,3,1,0,1,0,0,0,2,2,0,74,43,31,,,,4,2,2,,,
"Sep 20, 2023 12:00 AM",0,0,0,0,0,0,0,0,0,1,1,0,23,15,8,,,,6,5,1,,,
"Sep 20, 2023 1:00 AM",4,2,2,0,0,0,0,0,0,0,0,0,1,0,1,,,,0,0,0,,,
"Sep 20, 2023 2:00 AM",0,0,0,0,0,0,0,0,0,0,0,0,6,2,4,,,,0,0,0,,,
"Sep 20, 2023 3:00 AM",0,0,0,0,0,0,0,0,0,0,0,0,0,0,0,,,,1,1,0,,,
"Sep 20, 2023 4:00 AM",0,0,0,1,1,0,0,0,0,1,1,0,0,0,0,,,,4,4,0,,,
"Sep 20, 2023 5:00 AM",30,29,1,1,1,0,1,1,0,0,0,0,1,1,0,,,,1,0,1,,,
"Sep 20, 2023 6:00 AM",38,20,18,7,3,4,8,5,3,10,5,5,69,39,30,,,,12,7,5,,,
"Sep 20, 2023 7:00 AM",108,51,57,20,11,9,17,9,8,19,8,11,174,91,83,,,,49,14,35,,,
"Sep 20, 2023 8:00 AM",147,66,81,43,15,28,22,9,13,56,24,32,273,78,195,,,,144,95,49,,,
"Sep 20, 2023 9:00 AM",192,95,97,33,18,15,34,17,17,37,23,14,244,99,145,,,,44,19,25,,,
"Sep 20, 2023 10:00 AM",204,116,88,39,17,22,23,12,11,22,14,8,351,131,220,,,,36,16,20,,,
"Sep 20, 2023 11:00 AM",219,103,116,46,26,20,25,12,13,28,10,18,168,80,88,,,,45,21,24,,,
"Sep 20, 2023 12:00 PM",269,126,143,50,31,19,34,13,21,42,23,19,141,57,84,,,,40,24,16,,,
"Sep 20, 2023 1:00 PM",329,159,170,46,29,17,43,24,19,29,22,7,173,100,73,,,,63,24,39,,,
"Sep 20, 2023 2:00 PM",256,120,136,43,23,20,45,33,12,22,12,10,273,125,148,,,,90,39,51,,,
"Sep 20, 2023 3:00 PM",249,99,150,55,27,28,33,17,16,49,20,29,219,88,131,,,,105,44,61,,,
"Sep 20, 2023 4:00 PM",249,121,128,52,32,20,24,18,6,30,14,16,288,165,123,,,,88,44,44,,,
"Sep 20, 2023 5:00 PM",203,112,91,65,47,18,38,25,13,38,16,22,200,78,122,,,,68,27,41,,,
"Sep 20, 2023 6:00 PM",187,92,95,66,38,28,31,16,15,25,9,16,183,97,86,,,,92,41,51,,,
"Sep 20, 2023 7:00 PM",195,88,107,54,29,25,28,14,14,24,13,11,107,62,45,,,,64,29,35,,,
"Sep 20, 2023 8:00 PM",138,72,66,47,26,21,36,15,21,10,6,4,143,73,70,,,,35,19,16,,,
"Sep 20, 2023 9:00 PM",60,27,33,29,12,17,16,6,10,2,0,2,64,27,37,,,,19,7,12,,,
"Sep 20, 2023 10:00 PM",20,13,7,6,2,4,6,3,3,5,3,2,20,14,6,,,,17,9,8,,,
"Sep 20, 2023 11:00 PM",11,8,3,3,1,2,2,1,1,6,4,2,65,23,42,,,,5,4,1,,,
"Sep 21, 2023 12:00 AM",0,0,0,0,0,0,3,1,2,1,0,1,18,9,9,,,,7,5,2,,,
"Sep 21, 2023 1:00 AM",2,2,0,0,0,0,0,0,0,0,0,0,3,3,0,,,,1,1,0,,,
"Sep 21, 2023 2:00 AM",0,0,0,0,0,0,0,0,0,0,0,0,1,1,0,,,,4,2,2,,,
"Sep 21, 2023 3:00 AM",0,0,0,0,0,0,0,0,0,0,0,0,1,1,0,,,,0,0,0,,,
"Sep 21, 2023 4:00 AM",0,0,0,1,1,0,0,0,0,0,0,0,0,0,0,,,,4,3,1,,,
"Sep 21, 2023 5:00 AM",14,4,10,3,3,0,1,1,0,1,0,1,7,4,3,,,,2,1,1,,,
"Sep 21, 2023 6:00 AM",45,23,22,20,9,11,17,9,8,5,4,1,38,25,13,,,,10,4,6,,,
"Sep 21, 2023 7:00 AM",103,58,45,32,10,22,19,6,13,18,5,13,168,72,96,,,,39,14,25,,,
"Sep 21, 2023 8:00 AM",159,84,75,43,12,31,28,15,13,53,21,32,206,95,111,,,,154,114,40,,,
"Sep 21, 2023 9:00 AM",144,75,69,41,25,16,37,24,13,33,15,18,163,83,80,,,,62,31,31,,,
"Sep 21, 2023 10:00 AM",200,104,96,30,17,13,33,19,14,22,14,8,187,76,111,,,,43,16,27,,,
"Sep 21, 2023 11:00 AM",302,146,156,34,15,19,39,24,15,28,15,13,172,71,101,,,,55,25,30,,,
"Sep 21, 2023 12:00 PM",334,143,191,61,30,31,55,43,12,30,19,11,187,72,115,,,,52,28,24,,,
"Sep 21, 2023 1:00 PM",365,199,166,53,29,24,47,26,21,40,26,14,266,123,143,,,,70,37,33,,,
"Sep 21, 2023 2:00 PM",298,155,143,32,14,18,35,19,16,27,16,11,265,115,150,,,,73,28,45,,,
"Sep 21, 2023 3:00 PM",225,125,100,39,24,15,38,20,18,25,13,12,269,108,161,,,,132,67,65,,,
"Sep 21, 2023 4:00 PM",281,145,136,49,24,25,40,22,18,31,17,14,250,110,140,,,,88,36,52,,,
"Sep 21, 2023 5:00 PM",218,113,105,47,33,14,46,28,18,74,29,45,183,79,104,,,,92,43,49,,,
"Sep 21, 2023 6:00 PM",212,102,110,41,20,21,39,21,18,25,15,10,165,88,77,,,,128,51,77,,,
"Sep 21, 2023 7:00 PM",181,93,88,53,29,24,23,12,11,23,10,13,180,75,105,,,,78,34,44,,,
"Sep 21, 2023 8:00 PM",131,72,59,31,20,11,28,16,12,14,4,10,120,46,74,,,,56,18,38,,,
"Sep 21, 2023 9:00 PM",93,47,46,19,9,10,6,4,2,5,2,3,181,75,106,,,,31,12,19,,,
"Sep 21, 2023 10:00 PM",24,11,13,5,1,4,10,5,5,4,2,2,140,59,81,,,,18,7,11,,,
"Sep 21, 2023 11:00 PM",3,3,0,2,0,2,0,0,0,10,0,10,70,10,60,,,,6,3,3,,,
"Sep 22, 2023 12:00 AM",0,0,0,0,0,0,4,2,2,2,1,1,14,2,12,,,,6,6,0,,,
"Sep 22, 2023 1:00 AM",1,0,1,1,0,1,0,0,0,0,0,0,1,0,1,,,,9,5,4,,,
"Sep 22, 2023 2:00 AM",3,1,2,2,1,1,0,0,0,0,0,0,4,4,0,,,,0,0,0,,,
"Sep 22, 2023 3:00 AM",0,0,0,0,0,0,0,0,0,0,0,0,5,4,1,,,,5,3,2,,,
"Sep 22, 2023 4:00 AM",0,0,0,1,1,0,1,1,0,1,1,0,3,1,2,,,,2,2,0,,,
"Sep 22, 2023 5:00 AM",11,5,6,0,0,0,0,0,0,1,0,1,2,1,1,,,,1,0,1,,,
"Sep 22, 2023 6:00 AM",39,19,20,14,7,7,12,6,6,5,4,1,31,21,10,,,,9,3,6,,,
"Sep 22, 2023 7:00 AM",104,60,44,30,11,19,21,12,9,20,4,16,103,41,62,,,,38,16,22,,,
"Sep 22, 2023 8:00 AM",139,69,70,46,21,25,31,16,15,46,23,23,199,90,109,,,,151,108,43,,,
"Sep 22, 2023 9:00 AM",193,105,88,48,27,21,28,15,13,33,18,15,125,52,73,,,,52,18,34,,,
"Sep 22, 2023 10:00 AM",173,91,82,46,19,27,23,13,10,16,9,7,114,48,66,,,,40,23,17,,,
"Sep 22, 2023 11:00 AM",245,115,130,28,13,15,30,16,14,21,9,12,68,33,35,,,,33,17,16,,,
"Sep 22, 2023 12:00 PM",269,133,136,41,24,17,38,17,21,30,8,22,95,54,41,,,,68,30,38,,,
"Sep 22, 2023 1:00 PM",273,121,152,45,27,18,39,21,18,30,16,14,197,96,101,,,,92,29,63,,,
"Sep 22, 2023 2:00 PM",214,115,99,36,11,25,26,8,18,15,5,10,259,150,109,,,,87,42,45,,,
"Sep 22, 2023 3:00 PM",193,96,97,42,21,21,34,16,18,24,11,13,235,91,144,,,,62,17,45,,,
"Sep 22, 2023 4:00 PM",210,112,98,42,19,23,35,20,15,23,14,9,253,97,156,,,,66,30,36,,,
"Sep 22, 2023 5:00 PM",174,82,92,50,31,19,34,17,17,24,14,10,237,86,151,,,,67,39,28,,,
"Sep 22, 2023 6:00 PM",177,90,87,31,17,14,31,15,16,33,18,15,149,69,80,,,,66,35,31,,,
"Sep 22, 2023 7:00 PM",207,103,104,28,19,9,23,13,10,17,9,8,140,46,94,,,,50,22,28,,,
"Sep 22, 2023 8:00 PM",122,66,56,13,7,6,22,11,11,10,6,4,137,53,84,,,,40,13,27,,,
"Sep 22, 2023 9:00 PM",52,24,28,23,4,19,19,8,11,5,1,4,65,13,52,,,,30,13,17,,,
"Sep 22, 2023 10:00 PM",41,22,19,14,7,7,11,4,7,5,3,2,97,26,71,,,,15,8,7,,,
"Sep 22, 2023 11:00 PM",19,8,11,13,8,5,2,2,0,1,1,0,217,36,181,,,,3,1,2,,,
"Sep 23, 2023 12:00 AM",0,0,0,0,0,0,1,0,1,1,1,0,136,31,105,,,,4,4,0,,,
"Sep 23, 2023 1:00 AM",0,0,0,1,1,0,4,1,3,0,0,0,36,17,19,,,,21,18,3,,,
"Sep 23, 2023 2:00 AM",1,1,0,1,1,0,2,0,2,0,0,0,0,0,0,,,,4,1,3,,,
"Sep 23, 2023 3:00 AM",1,1,0,0,0,0,0,0,0,1,0,1,0,0,0,,,,1,1,0,,,
"Sep 23, 2023 4:00 AM",2,2,0,1,0,1,0,0,0,0,0,0,8,7,1,,,,1,1,0,,,
"Sep 23, 2023 5:00 AM",3,1,2,1,1,0,1,0,1,0,0,0,3,0,3,,,,1,1,0,,,
"Sep 23, 2023 6:00 AM",14,5,9,4,3,1,5,1,4,2,0,2,9,5,4,,,,6,0,6,,,
"Sep 23, 2023 7:00 AM",109,54,55,24,17,7,15,8,7,5,1,4,44,25,19,,,,18,7,11,,,
"Sep 23, 2023 8:00 AM",193,100,93,43,19,24,33,17,16,14,7,7,90,42,48,,,,28,16,12,,,
"Sep 23, 2023 9:00 AM",265,134,131,62,33,29,38,17,21,17,8,9,235,116,119,,,,55,22,33,,,
"Sep 23, 2023 10:00 AM",349,211,138,91,50,41,59,34,25,46,22,24,229,103,126,,,,46,25,21,,,
"Sep 23, 2023 11:00 AM",460,244,216,106,46,60,55,27,28,39,19,20,291,150,141,,,,60,36,24,,,
"Sep 23, 2023 12:00 PM",520,230,290,97,51,46,95,53,42,47,26,21,319,142,177,,,,66,34,32,,,
"Sep 23, 2023 1:00 PM",516,220,296,67,41,26,48,25,23,37,16,21,299,134,165,,,,72,38,34,,,
"Sep 23, 2023 2:00 PM",389,164,225,84,41,43,69,43,26,33,15,18,282,131,151,,,,59,28,31,,,
"Sep 23, 2023 3:00 PM",418,219,199,62,32,30,70,41,29,41,25,16,226,116,110,,,,60,36,24,,,
"Sep 23, 2023 4:00 PM",397,200,197,50,24,26,46,12,34,40,14,26,172,86,86,,,,54,25,29,,,
"Sep 23, 2023 5:00 PM",240,104,136,37,20,17,46,21,25,23,7,16,146,55,91,,,,51,22,29,,,
"Sep 23, 2023 6:00 PM",153,74,79,17,6,11,26,6,20,21,7,14,109,43,66,,,,46,21,25,,,
"Sep 23, 2023 7:00 PM",51,24,27,16,4,12,16,6,10,17,4,13,68,24,44,,,,31,14,17,,,
"Sep 23, 2023 8:00 PM",22,9,13,4,3,1,10,9,1,1,0,1,65,35,30,,,,10,5,5,,,
"Sep 23, 2023 9:00 PM",17,7,10,2,0,2,10,9,1,0,0,0,62,27,35,,,,23,10,13,,,
"Sep 23, 2023 10:00 PM",36,23,13,3,1,2,5,2,3,10,6,4,19,11,8,,,,10,7,3,,,
"Sep 23, 2023 11:00 PM",10,6,4,4,2,2,4,1,3,7,3,4,6,2,4,,,,12,5,7,,,
"Sep 24, 2023 12:00 AM",1,0,1,2,2,0,5,4,1,2,1,1,11,5,6,,,,16,9,7,,,
"Sep 24, 2023 1:00 AM",4,3,1,2,2,0,2,1,1,1,1,0,7,1,6,,,,9,5,4,,,
"Sep 24, 2023 2:00 AM",2,2,0,1,1,0,0,0,0,2,0,2,3,3,0,,,,9,4,5,,,
"Sep 24, 2023 3:00 AM",0,0,0,1,0,1,0,0,0,0,0,0,2,2,0,,,,2,2,0,,,
"Sep 24, 2023 4:00 AM",0,0,0,0,0,0,0,0,0,0,0,0,3,3,0,,,,7,3,4,,,
"Sep 24, 2023 5:00 AM",3,1,2,0,0,0,0,0,0,0,0,0,2,1,1,,,,1,0,1,,,
"Sep 24, 2023 6:00 AM",13,4,9,3,1,2,2,0,2,0,0,0,3,1,2,,,,9,4,5,,,
"Sep 24, 2023 7:00 AM",66,37,29,8,7,1,6,2,4,9,5,4,15,9,6,,,,11,5,6,,,
"Sep 24, 2023 8:00 AM",178,95,83,34,21,13,27,14,13,11,3,8,64,36,28,,,,19,10,9,,,
"Sep 24, 2023 9:00 AM",341,179,162,72,35,37,53,28,25,16,6,10,186,105,81,,,,34,21,13,,,
"Sep 24, 2023 10:00 AM",425,220,205,93,56,37,45,23,22,29,19,10,204,113,91,,,,39,25,14,,,
"Sep 24, 2023 11:00 AM",417,225,192,105,65,40,51,29,22,33,13,20,260,98,162,,,,38,13,25,,,
"Sep 24, 2023 12:00 PM",478,210,268,60,26,34,60,34,26,34,14,20,188,73,115,,,,53,28,25,,,
"Sep 24, 2023 1:00 PM",461,206,255,72,26,46,43,26,17,31,22,9,204,85,119,,,,49,21,28,,,
"Sep 24, 2023 2:00 PM",372,173,199,49,25,24,60,34,26,34,16,18,147,81,66,,,,37,22,15,,,
"Sep 24, 2023 3:00 PM",350,167,183,42,15,27,56,22,34,31,20,11,158,96,62,,,,25,12,13,,,
"Sep 24, 2023 4:00 PM",172,74,98,44,22,22,22,11,11,30,10,20,137,77,60,,,,22,12,10,,,
"Sep 24, 2023 5:00 PM",70,27,43,19,8,11,17,9,8,13,8,5,124,57,67,,,,21,13,8,,,
"Sep 24, 2023 6:00 PM",70,37,33,27,16,11,25,12,13,15,9,6,135,71,64,,,,11,7,4,,,
"Sep 24, 2023 7:00 PM",52,32,20,17,10,7,31,13,18,4,2,2,84,46,38,,,,12,3,9,,,
"Sep 24, 2023 8:00 PM",58,33,25,16,13,3,18,8,10,5,2,3,64,31,33,,,,11,4,7,,,
"Sep 24, 2023 9:00 PM",36,19,17,3,0,3,12,6,6,3,2,1,163,64,99,,,,21,7,14,,,
"Sep 24, 2023 10:00 PM",12,9,3,12,5,7,7,3,4,2,1,1,104,56,48,,,,9,6,3,,,
"Sep 24, 2023 11:00 PM",9,6,3,2,0,2,2,0,2,0,0,0,14,4,10,,,,5,5,0,,,
"Sep 25, 2023 12:00 AM",0,0,0,1,1,0,0,0,0,1,1,0,72,20,52,,,,10,7,3,,,
"Sep 25, 2023 1:00 AM",1,1,0,0,0,0,0,0,0,0,0,0,2,0,2,,,,0,0,0,,,
"Sep 25, 2023 2:00 AM",0,0,0,0,0,0,0,0,0,0,0,0,0,0,0,,,,0,0,0,,,
"Sep 25, 2023 3:00 AM",0,0,0,1,1,0,0,0,0,0,0,0,0,0,0,,,,0,0,0,,,
"Sep 25, 2023 4:00 AM",1,0,1,1,1,0,0,0,0,0,0,0,1,1,0,,,,3,2,1,,,
"Sep 25, 2023 5:00 AM",4,2,2,0,0,0,0,0,0,0,0,0,3,2,1,,,,1,0,1,,,
"Sep 25, 2023 6:00 AM",43,21,22,11,4,7,17,11,6,5,3,2,19,12,7,,,,5,3,2,,,
"Sep 25, 2023 7:00 AM",103,49,54,21,10,11,11,7,4,27,11,16,180,80,100,,,,39,18,21,,,
"Sep 25, 2023 8:00 AM",166,82,84,46,16,30,21,10,11,46,20,26,261,116,145,,,,155,101,54,,,
"Sep 25, 2023 9:00 AM",209,112,97,50,22,28,19,8,11,37,22,15,285,135,150,,,,62,29,33,,,
"Sep 25, 2023 10:00 AM",251,129,122,42,23,19,28,15,13,23,15,8,214,104,110,,,,38,16,22,,,
"Sep 25, 2023 11:00 AM",290,154,136,46,21,25,22,9,13,32,10,22,412,246,166,,,,33,17,16,,,
"Sep 25, 2023 12:00 PM",290,133,157,46,23,23,30,19,11,34,11,23,573,406,167,,,,45,23,22,,,
"Sep 25, 2023 1:00 PM",325,167,158,60,43,17,50,20,30,38,19,19,497,301,196,,,,62,29,33,,,
"Sep 25, 2023 2:00 PM",244,96,148,46,20,26,23,7,16,22,8,14,371,216,155,,,,55,18,37,,,
"Sep 25, 2023 3:00 PM",270,149,121,25,9,16,25,19,6,41,23,18,250,90,160,,,,93,23,70,,,
"Sep 25, 2023 4:00 PM",270,125,145,40,23,17,29,18,11,32,17,15,243,91,152,,,,80,36,44,,,
"Sep 25, 2023 5:00 PM",265,132,133,50,32,18,53,35,18,35,13,22,340,168,172,,,,80,38,42,,,
"Sep 25, 2023 6:00 PM",279,127,152,84,36,48,55,40,15,39,18,21,234,115,119,,,,86,38,48,,,
"Sep 25, 2023 7:00 PM",307,158,149,97,40,57,55,24,31,25,14,11,181,80,101,,,,63,34,29,,,
"Sep 25, 2023 8:00 PM",244,135,109,44,15,29,43,25,18,11,7,4,98,43,55,,,,54,23,31,,,
"Sep 25, 2023 9:00 PM",98,51,47,33,16,17,26,9,17,10,8,2,84,28,56,,,,16,9,7,,,
"Sep 25, 2023 10:00 PM",23,13,10,8,3,5,6,1,5,9,6,3,14,7,7,,,,26,14,12,,,
"Sep 25, 2023 11:00 PM",6,4,2,3,2,1,2,1,1,0,0,0,10,6,4,,,,8,7,1,,,
"Sep 26, 2023 12:00 AM",0,0,0,2,2,0,0,0,0,0,0,0,4,2,2,,,,3,2,1,,,
"Sep 26, 2023 1:00 AM",1,0,1,1,1,0,0,0,0,1,0,1,0,0,0,,,,5,5,0,,,
"Sep 26, 2023 2:00 AM",0,0,0,0,0,0,0,0,0,0,0,0,0,0,0,,,,1,1,0,,,
"Sep 26, 2023 3:00 AM",0,0,0,0,0,0,0,0,0,0,0,0,0,0,0,,,,0,0,0,,,
"Sep 26, 2023 4:00 AM",0,0,0,0,0,0,0,0,0,3,0,3,0,0,0,,,,1,1,0,,,
"Sep 26, 2023 5:00 AM",11,4,7,1,1,0,1,1,0,0,0,0,2,2,0,,,,6,0,6,,,
"Sep 26, 2023 6:00 AM",54,27,27,15,7,8,8,4,4,4,2,2,20,10,10,,,,12,7,5,,,
"Sep 26, 2023 7:00 AM",59,27,32,24,10,14,15,7,8,20,10,10,175,52,123,,,,30,15,15,,,
"Sep 26, 2023 8:00 AM",30,13,17,23,10,13,13,4,9,28,12,16,118,53,65,,,,77,51,26,,,
"Sep 26, 2023 9:00 AM",101,37,64,25,14,11,14,6,8,25,14,11,114,75,39,,,,36,14,22,,,
"Sep 26, 2023 10:00 AM",134,76,58,28,12,16,40,10,30,21,12,9,122,70,52,,,,45,8,37,,,
"Sep 26, 2023 11:00 AM",226,107,119,51,18,33,27,13,14,22,13,9,80,43,37,,,,26,13,13,,,
"Sep 26, 2023 12:00 PM",217,124,93,59,35,24,31,18,13,29,18,11,118,64,54,,,,85,49,36,,,
"Sep 26, 2023 1:00 PM",278,139,139,45,29,16,52,36,16,40,20,20,169,97,72,,,,46,18,28,,,
"Sep 26, 2023 2:00 PM",208,102,106,28,11,17,22,10,12,29,14,15,212,107,105,,,,60,19,41,,,
"Sep 26, 2023 3:00 PM",131,60,71,21,15,6,13,4,9,25,16,9,202,68,134,,,,101,24,77,,,
"Sep 26, 2023 4:00 PM",88,38,50,20,9,11,13,4,9,11,3,8,95,46,49,,,,71,35,36,,,
"Sep 26, 2023 5:00 PM",50,23,27,20,14,6,20,14,6,10,6,4,118,53,65,,,,53,37,16,,,
"Sep 26, 2023 6:00 PM",102,52,50,35,21,14,30,21,9,17,10,7,141,79,62,,,,60,41,19,,,
"Sep 26, 2023 7:00 PM",162,90,72,68,33,35,64,38,26,17,8,9,183,92,91,,,,68,26,42,,,
"Sep 26, 2023 8:00 PM",163,84,79,39,17,22,32,16,16,8,3,5,213,69,144,,,,33,17,16,,,
"Sep 26, 2023 9:00 PM",51,25,26,17,6,11,26,15,11,11,6,5,68,26,42,,,,24,8,16,,,
"Sep 26, 2023 10:00 PM",24,16,8,5,5,0,5,3,2,1,0,1,67,20,47,,,,12,3,9,,,
"Sep 26, 2023 11:00 PM",7,3,4,7,4,3,1,0,1,1,0,1,45,15,30,,,,5,2,3,,,
"Sep 27, 2023 12:00 AM",0,0,0,0,0,0,2,2,0,0,0,0,5,4,1,,,,10,9,1,,,
"Sep 27, 2023 1:00 AM",1,0,1,0,0,0,0,0,0,0,0,0,0,0,0,,,,0,0,0,,,
"Sep 27, 2023 2:00 AM",0,0,0,0,0,0,0,0,0,0,0,0,0,0,0,,,,0,0,0,,,
"Sep 27, 2023 3:00 AM",1,1,0,0,0,0,0,0,0,0,0,0,0,0,0,,,,0,0,0,,,
"Sep 27, 2023 4:00 AM",0,0,0,2,2,0,0,0,0,0,0,0,0,0,0,,,,1,1,0,,,
"Sep 27, 2023 5:00 AM",13,6,7,0,0,0,2,2,0,1,1,0,4,2,2,,,,2,0,2,,,
"Sep 27, 2023 6:00 AM",48,24,24,16,10,6,9,8,1,9,5,4,26,14,12,,,,8,6,2,,,
"Sep 27, 2023 7:00 AM",93,45,48,25,12,13,12,8,4,18,7,11,155,92,63,,,,32,13,19,,,
"Sep 27, 2023 8:00 AM",109,41,68,42,24,18,24,11,13,45,20,25,178,96,82,,,,110,75,35,,,
"Sep 27, 2023 9:00 AM",82,38,44,19,8,11,10,6,4,37,19,18,105,58,47,,,,33,11,22,,,
"Sep 27, 2023 10:00 AM",40,20,20,11,5,6,12,7,5,4,0,4,40,30,10,,,,15,5,10,,,
"Sep 27, 2023 11:00 AM",13,7,6,9,3,6,4,2,2,7,3,4,27,16,11,,,,5,3,2,,,
"Sep 27, 2023 12:00 PM",15,8,7,4,1,3,5,3,2,8,3,5,14,9,5,,,,8,4,4,,,
"Sep 27, 2023 1:00 PM",11,6,5,3,1,2,6,1,5,13,6,7,27,18,9,,,,18,5,13,,,
"Sep 27, 2023 2:00 PM",7,5,2,3,1,2,4,1,3,5,1,4,13,9,4,,,,10,7,3,,,
"Sep 27, 2023 3:00 PM",23,15,8,10,7,3,7,2,5,12,4,8,29,14,15,,,,46,10,36,,,
"Sep 27, 2023 4:00 PM",41,24,17,18,11,7,23,14,9,12,7,5,57,35,22,,,,41,15,26,,,
"Sep 27, 2023 5:00 PM",40,13,27,25,15,10,17,7,10,17,9,8,53,29,24,,,,40,19,21,,,
"Sep 27, 2023 6:00 PM",45,27,18,14,8,6,21,14,7,16,7,9,34,20,14,,,,27,17,10,,,
"Sep 27, 2023 7:00 PM",63,39,24,22,14,8,21,9,12,11,2,9,32,21,11,,,,27,8,19,,,
"Sep 27, 2023 8:00 PM",75,40,35,25,9,16,11,6,5,3,2,1,27,19,8,,,,10,5,5,,,
"Sep 27, 2023 9:00 PM",28,23,5,10,4,6,6,3,3,7,2,5,26,23,3,,,,14,3,11,,,
"Sep 27, 2023 10:00 PM",15,5,10,4,3,1,2,2,0,3,2,1,3,1,2,,,,7,2,5,,,
"Sep 27, 2023 11:00 PM",13,8,5,0,0,0,2,2,0,0,0,0,4,3,1,,,,5,4,1,,,
"Sep 28, 2023 12:00 AM",0,0,0,0,0,0,2,1,1,1,0,1,2,2,0,,,,5,4,1,,,
"Sep 28, 2023 1:00 AM",1,1,0,0,0,0,0,0,0,0,0,0,1,1,0,,,,3,2,1,,,
"Sep 28, 2023 2:00 AM",1,0,1,0,0,0,0,0,0,0,0,0,0,0,0,,,,0,0,0,,,
"Sep 28, 2023 3:00 AM",1,1,0,0,0,0,0,0,0,0,0,0,0,0,0,,,,0,0,0,,,
"Sep 28, 2023 4:00 AM",0,0,0,1,1,0,1,1,0,0,0,0,0,0,0,,,,3,3,0,,,
"Sep 28, 2023 5:00 AM",8,3,5,3,1,2,1,1,0,0,0,0,6,3,3,,,,2,0,2,,,
"Sep 28, 2023 6:00 AM",41,20,21,12,7,5,19,9,10,7,5,2,27,15,12,,,,5,1,4,,,
"Sep 28, 2023 7:00 AM",98,48,50,17,5,12,20,10,10,21,9,12,118,61,57,,,,56,28,28,,,
"Sep 28, 2023 8:00 AM",132,55,77,38,17,21,31,16,15,38,16,22,189,94,95,,,,167,114,53,,,
"Sep 28, 2023 9:00 AM",161,66,95,30,13,17,23,11,12,26,19,7,301,162,139,,,,49,13,36,,,
"Sep 28, 2023 10:00 AM",170,79,91,23,8,15,15,8,7,24,14,10,212,112,100,,,,32,16,16,,,
"Sep 28, 2023 11:00 AM",148,72,76,40,21,19,25,11,14,19,9,10,201,87,114,,,,39,16,23,,,
"Sep 28, 2023 12:00 PM",180,91,89,26,10,16,32,14,18,28,15,13,183,85,98,,,,37,19,18,,,
"Sep 28, 2023 1:00 PM",173,84,89,27,21,6,34,15,19,39,18,21,235,130,105,,,,71,32,39,,,
"Sep 28, 2023 2:00 PM",132,63,69,31,22,9,19,12,7,24,13,11,162,84,78,,,,52,26,26,,,
"Sep 28, 2023 3:00 PM",154,62,92,15,8,7,14,10,4,35,17,18,250,98,152,,,,106,23,83,,,
"Sep 28, 2023 4:00 PM",109,44,65,22,14,8,15,9,6,31,12,19,290,116,174,,,,91,42,49,,,
"Sep 28, 2023 5:00 PM",145,77,68,43,27,16,35,22,13,36,21,15,319,102,217,,,,96,46,50,,,
"Sep 28, 2023 6:00 PM",158,76,82,50,30,20,38,23,15,25,13,12,222,111,111,,,,81,45,36,,,
"Sep 28, 2023 7:00 PM",179,85,94,74,39,35,60,26,34,14,6,8,167,77,90,,,,59,26,33,,,
"Sep 28, 2023 8:00 PM",87,42,45,29,12,17,28,11,17,9,6,3,36,16,20,,,,29,17,12,,,
"Sep 28, 2023 9:00 PM",46,26,20,13,7,6,25,14,11,13,7,6,15,5,10,,,,11,2,9,,,
"Sep 28, 2023 10:00 PM",17,13,4,9,6,3,8,3,5,2,1,1,17,7,10,,,,10,5,5,,,
"Sep 28, 2023 11:00 PM",12,4,8,2,1,1,7,5,2,3,0,3,17,7,10,,,,5,1,4,,,
"Sep 29, 2023 12:00 AM",0,0,0,0,0,0,4,1,3,1,0,1,4,1,3,,,,2,2,0,,,
"Sep 29, 2023 1:00 AM",0,0,0,0,0,0,0,0,0,0,0,0,0,0,0,,,,3,2,1,,,
"Sep 29, 2023 2:00 AM",0,0,0,0,0,0,0,0,0,1,0,1,1,1,0,,,,2,2,0,,,
"Sep 29, 2023 3:00 AM",0,0,0,0,0,0,0,0,0,0,0,0,1,1,0,,,,2,2,0,,,
"Sep 29, 2023 4:00 AM",0,0,0,1,1,0,1,1,0,0,0,0,1,0,1,,,,4,4,0,,,
"Sep 29, 2023 5:00 AM",13,6,7,2,2,0,0,0,0,1,1,0,6,3,3,,,,5,2,3,,,
"Sep 29, 2023 6:00 AM",52,23,29,13,6,7,13,6,7,4,3,1,19,16,3,,,,9,3,6,,,
"Sep 29, 2023 7:00 AM",102,59,43,22,8,14,30,16,14,24,8,16,132,69,63,,,,33,10,23,,,
"Sep 29, 2023 8:00 AM",83,47,36,36,12,24,30,15,15,40,18,22,267,128,139,,,,126,89,37,,,
"Sep 29, 2023 9:00 AM",164,90,74,45,19,26,34,18,16,30,16,14,117,58,59,,,,56,23,33,,,
"Sep 29, 2023 10:00 AM",222,107,115,42,24,18,37,23,14,28,13,15,98,58,40,,,,43,17,26,,,
"Sep 29, 2023 11:00 AM",293,153,140,35,19,16,36,27,9,25,19,6,162,96,66,,,,51,25,26,,,
"Sep 29, 2023 12:00 PM",291,146,145,59,35,24,35,18,17,34,15,19,113,57,56,,,,51,25,26,,,
"Sep 29, 2023 1:00 PM",357,184,173,50,27,23,46,30,16,45,16,29,236,108,128,,,,107,30,77,,,
"Sep 29, 2023 2:00 PM",301,124,177,69,30,39,25,11,14,22,14,8,270,129,141,,,,83,36,47,,,
"Sep 29, 2023 3:00 PM",297,167,130,55,29,26,27,16,11,30,17,13,158,68,90,,,,92,52,40,,,
"Sep 29, 2023 4:00 PM",378,191,187,50,30,20,39,25,14,24,15,9,281,133,148,,,,98,46,52,,,
"Sep 29, 2023 5:00 PM",310,147,163,60,34,26,53,21,32,44,24,20,296,120,176,,,,80,39,41,,,
"Sep 29, 2023 6:00 PM",319,182,137,65,34,31,44,24,20,44,27,17,193,87,106,,,,79,37,42,,,
"Sep 29, 2023 7:00 PM",251,125,126,44,26,18,47,25,22,22,12,10,131,56,75,,,,65,26,39,,,
"Sep 29, 2023 8:00 PM",159,79,80,26,11,15,37,12,25,5,3,2,173,42,131,,,,38,19,19,,,
"Sep 29, 2023 9:00 PM",68,36,32,13,4,9,26,10,16,12,4,8,161,26,135,,,,18,11,7,,,
"Sep 29, 2023 10:00 PM",42,28,14,11,2,9,15,12,3,5,3,2,85,21,64,,,,12,3,9,,,
"Sep 29, 2023 11:00 PM",33,22,11,13,4,9,6,6,0,3,2,1,145,75,70,,,,19,7,12,,,
"Sep 30, 2023 12:00 AM",0,0,0,1,1,0,9,1,8,5,2,3,20,3,17,,,,5,4,1,,,
"Sep 30, 2023 1:00 AM",11,8,3,2,0,2,1,0,1,0,0,0,3,2,1,,,,8,6,2,,,
"Sep 30, 2023 2:00 AM",3,0,3,0,0,0,0,0,0,0,0,0,2,2,0,,,,5,4,1,,,
"Sep 30, 2023 3:00 AM",0,0,0,0,0,0,0,0,0,0,0,0,0,0,0,,,,4,4,0,,,
"Sep 30, 2023 4:00 AM",0,0,0,0,0,0,0,0,0,0,0,0,0,0,0,,,,5,3,2,,,
"Sep 30, 2023 5:00 AM",3,2,1,0,0,0,0,0,0,0,0,0,2,1,1,,,,0,0,0,,,
"Sep 30, 2023 6:00 AM",26,8,18,4,3,1,3,2,1,1,0,1,7,5,2,,,,5,2,3,,,
"Sep 30, 2023 7:00 AM",81,43,38,22,13,9,20,17,3,0,0,0,55,29,26,,,,19,6,13,,,
"Sep 30, 2023 8:00 AM",143,74,69,46,26,20,39,25,14,25,8,17,181,68,113,,,,30,11,19,,,
"Sep 30, 2023 9:00 AM",179,84,95,48,22,26,38,20,18,19,9,10,43,7,36,,,,33,20,13,,,
"Sep 30, 2023 10:00 AM",147,72,75,57,28,29,28,14,14,22,11,11,2,1,1,,,,28,15,13,,,
"Sep 30, 2023 11:00 AM",140,76,64,51,31,20,38,29,9,22,9,13,5,2,3,,,,25,13,12,,,
"Sep 30, 2023 12:00 PM",82,43,39,21,10,11,33,19,14,24,9,15,71,60,11,,,,24,9,15,,,
"Sep 30, 2023 1:00 PM",44,15,29,12,4,8,7,3,4,9,4,5,50,29,21,,,,15,4,11,,,
"Sep 30, 2023 2:00 PM",14,10,4,15,6,9,9,6,3,4,1,3,121,52,69,,,,20,8,12,,,
"Sep 30, 2023 3:00 PM",50,27,23,13,7,6,13,7,6,11,6,5,353,132,221,,,,19,12,7,,,
"Sep 30, 2023 4:00 PM",118,58,60,25,14,11,34,14,20,32,17,15,397,173,224,,,,23,16,7,,,
"Sep 30, 2023 5:00 PM",127,72,55,40,19,21,50,18,32,27,13,14,135,55,80,,,,55,37,18,,,
"Sep 30, 2023 6:00 PM",157,65,92,41,19,22,39,13,26,20,6,14,110,47,63,,,,41,25,16,,,
"Sep 30, 2023 7:00 PM",115,53,62,35,16,19,49,25,24,12,11,1,48,22,26,,,,35,5,30,,,
"Sep 30, 2023 8:00 PM",73,38,35,28,15,13,47,27,20,7,2,5,38,16,22,,,,21,9,12,,,
"Sep 30, 2023 9:00 PM",62,31,31,13,6,7,32,12,20,2,1,1,18,5,13,,,,16,7,9,,,
"Sep 30, 2023 10:00 PM",23,13,10,7,1,6,20,14,6,4,1,3,29,9,20,,,,22,8,14,,,
"Sep 30, 2023 11:00 PM",17,9,8,4,4,0,10,8,2,12,5,7,176,42,134,,,,11,6,5,,,
